100
5, 88, 63, 55, 86, 53, 92, 29, 48, 77, 74, 51, 96, 95, 37, 43, 18, 56, 24, 72, 47, 1, 71, 46, 16, 2, 8, 14, 62, 85, 23, 25, 9, 58, 94, 42, 10, 0, 21, 84, 22, 98, 87, 27, 45, 67, 12, 13, 57, 52, 89, 39, 41, 65, 33, 31, 78, 32, 19, 93, 11, 91, 15, 64, 49, 44, 50, 30, 28, 17, 35, 60, 76, 61, 7, 83, 36, 38, 79, 80, 6, 4, 20, 59, 70, 34, 54, 69, 97, 66, 81, 3, 99, 26, 75, 68, 40, 82, 90, 73
76, 94, 1, 95, 80, 12, 14, 89, 67, 92, 9, 53, 48, 58, 50, 11, 0, 47, 15, 98, 27, 7, 6, 79, 42, 43, 10, 32, 59, 45, 64, 46, 65, 29, 26, 3, 25, 35, 30, 19, 70, 55, 86, 82, 91, 87, 56, 49, 90, 36, 28, 44, 66, 18, 4, 20, 38, 40, 81, 88, 83, 71, 99, 21, 61, 75, 57, 2, 63, 31, 39, 74, 54, 33, 96, 34, 62, 16, 85, 84, 69, 52, 77, 72, 5, 78, 41, 60, 24, 93, 73, 68, 37, 8, 13, 97, 23, 17, 22, 51
17, 44, 93, 47, 65, 99, 24, 6, 95, 52, 20, 82, 9, 49, 83, 53, 30, 50, 48, 37, 71, 35, 77, 86, 43, 70, 69, 68, 91, 16, 55, 34, 14, 10, 98, 46, 84, 97, 19, 66, 1, 36, 33, 76, 72, 92, 42, 58, 39, 94, 5, 18, 78, 27, 32, 56, 0, 2, 11, 64, 8, 22, 63, 57, 31, 15, 51, 79, 75, 13, 54, 29, 87, 67, 21, 3, 62, 96, 61, 28, 81, 59, 25, 12, 23, 7, 4, 89, 38, 74, 45, 88, 73, 60, 40, 26, 90, 80, 85, 41
7, 51, 86, 72, 35, 73, 44, 2, 9, 10, 60, 12, 95, 36, 63, 34, 4, 71, 1, 15, 38, 16, 76, 19, 55, 96, 68, 53, 52, 40, 57, 27, 18, 49, 30, 83, 28, 0, 80, 11, 3, 62, 81, 69, 13, 8, 48, 43, 56, 77, 78, 5, 31, 24, 93, 65, 97, 17, 41, 42, 45, 6, 29, 85, 92, 21, 98, 84, 94, 23, 47, 89, 37, 87, 75, 20, 26, 70, 99, 25, 64, 46, 74, 88, 39, 33, 67, 32, 58, 82, 54, 79, 90, 61, 14, 50, 59, 22, 66, 91
14, 45, 12, 73, 54, 34, 36, 49, 13, 83, 42, 71, 84, 33, 99, 18, 81, 59, 78, 41, 38, 53, 10, 86, 80, 44, 31, 91, 56, 2, 98, 9, 82, 79, 43, 20, 60, 25, 65, 0, 70, 39, 16, 21, 32, 30, 67, 61, 15, 17, 19, 63, 95, 93, 66, 47, 68, 29, 74, 24, 92, 4, 75, 58, 11, 7, 35, 52, 90, 64, 3, 23, 96, 77, 62, 1, 37, 85, 48, 40, 26, 76, 50, 55, 89, 46, 27, 57, 8, 22, 5, 6, 69, 97, 94, 88, 51, 28, 72, 87
6, 52, 59, 7, 62, 88, 81, 74, 54, 47, 79, 43, 97, 27, 73, 11, 28, 95, 0, 38, 40, 41, 63, 75, 94, 65, 33, 53, 70, 35, 21, 44, 50, 84, 78, 17, 60, 92, 89, 49, 15, 34, 9, 57, 1, 58, 45, 61, 22, 55, 68, 2, 24, 42, 98, 10, 83, 56, 93, 32, 86, 77, 82, 26, 23, 64, 31, 46, 20, 67, 29, 14, 48, 3, 87, 13, 16, 51, 8, 36, 39, 30, 4, 99, 71, 5, 85, 66, 80, 19, 72, 37, 96, 91, 76, 90, 25, 69, 12, 18
11, 73, 76, 71, 21, 47, 27, 58, 17, 99, 84, 50, 4, 42, 98, 18, 82, 61, 24, 80, 9, 40, 57, 25, 75, 77, 31, 6, 43, 2, 87, 26, 78, 92, 97, 34, 66, 22, 72, 5, 74, 37, 16, 20, 7, 12, 14, 90, 69, 48, 85, 89, 79, 30, 23, 52, 93, 36, 0, 1, 94, 60, 45, 86, 32, 8, 62, 38, 28, 55, 83, 46, 29, 35, 70, 91, 65, 95, 54, 19, 81, 15, 67, 44, 53, 10, 51, 49, 63, 3, 13, 96, 33, 88, 59, 41, 39, 64, 56, 68
28, 49, 5, 56, 20, 2, 22, 34, 6, 61, 69, 0, 41, 67, 14, 10, 36, 18, 98, 85, 35, 68, 64, 76, 37, 74, 4, 71, 55, 24, 47, 42, 27, 96, 59, 94, 38, 92, 75, 40, 16, 15, 57, 86, 51, 66, 84, 65, 82, 3, 44, 25, 77, 29, 33, 50, 23, 9, 13, 39, 93, 80, 54, 87, 78, 62, 21, 43, 60, 12, 72, 99, 95, 7, 58, 88, 32, 8, 91, 89, 97, 17, 1, 83, 70, 63, 19, 46, 31, 26, 79, 30, 48, 53, 11, 81, 45, 73, 52, 90
56, 38, 23, 35, 76, 29, 3, 32, 39, 36, 70, 59, 67, 72, 92, 75, 90, 25, 80, 9, 53, 51, 64, 18, 73, 10, 93, 7, 19, 69, 14, 50, 65, 77, 44, 8, 16, 31, 81, 28, 89, 47, 40, 57, 78, 33, 41, 13, 22, 83, 20, 85, 68, 98, 24, 58, 48, 15, 61, 71, 0, 55, 5, 1, 95, 86, 34, 12, 60, 4, 49, 2, 84, 11, 42, 52, 27, 30, 62, 97, 94, 96, 37, 91, 54, 66, 17, 88, 79, 45, 43, 87, 63, 99, 74, 21, 82, 6, 46, 26
56, 45, 16, 68, 2, 79, 48, 38, 64, 23, 49, 30, 88, 15, 52, 7, 43, 99, 34, 91, 20, 27, 40, 71, 36, 28, 53, 70, 5, 9, 24, 82, 37, 95, 47, 25, 11, 73, 13, 93, 6, 96, 51, 81, 55, 74, 90, 14, 3, 46, 0, 18, 69, 84, 59, 76, 62, 8, 60, 72, 83, 63, 41, 44, 12, 65, 92, 22, 10, 50, 78, 61, 94, 80, 57, 19, 86, 29, 32, 75, 21, 85, 98, 42, 87, 39, 31, 77, 54, 66, 67, 17, 33, 1, 97, 58, 35, 89, 26, 4
19, 84, 89, 35, 78, 59, 75, 22, 93, 62, 51, 96, 15, 7, 65, 79, 52, 40, 98, 71, 30, 37, 8, 18, 12, 85, 53, 66, 29, 32, 83, 23, 9, 55, 38, 86, 46, 72, 3, 99, 21, 88, 16, 58, 80, 45, 11, 68, 34, 61, 73, 13, 63, 33, 95, 6, 49, 76, 69, 20, 25, 57, 43, 44, 26, 47, 97, 67, 70, 2, 5, 1, 64, 56, 94, 24, 10, 39, 42, 0, 74, 17, 50, 31, 91, 48, 14, 27, 54, 60, 28, 81, 41, 92, 90, 36, 82, 4, 87, 77
2, 13, 97, 75, 14, 88, 42, 80, 9, 70, 38, 4, 61, 86, 46, 36, 37, 58, 84, 92, 55, 64, 90, 98, 19, 6, 54, 89, 3, 35, 62, 31, 66, 72, 40, 65, 33, 17, 28, 26, 52, 21, 79, 44, 12, 43, 50, 11, 68, 63, 95, 71, 49, 15, 47, 91, 1, 74, 56, 76, 78, 29, 39, 87, 73, 51, 53, 45, 10, 16, 20, 34, 85, 32, 57, 24, 7, 5, 23, 41, 18, 99, 48, 93, 27, 59, 25, 0, 94, 22, 67, 81, 30, 8, 60, 83, 96, 82, 77, 69
89, 57, 40, 81, 92, 34, 42, 72, 83, 0, 6, 13, 47, 49, 77, 11, 67, 65, 2, 78, 56, 32, 53, 90, 26, 39, 99, 30, 15, 23, 73, 86, 18, 29, 45, 62, 74, 22, 33, 12, 70, 10, 50, 48, 97, 37, 25, 52, 1, 36, 41, 54, 16, 95, 85, 98, 84, 87, 31, 91, 17, 19, 55, 24, 21, 46, 68, 38, 7, 75, 93, 59, 80, 69, 5, 4, 43, 3, 94, 88, 61, 51, 14, 9, 27, 66, 96, 20, 58, 28, 44, 35, 63, 82, 76, 64, 79, 71, 8, 60
1, 57, 28, 39, 48, 19, 58, 41, 85, 53, 78, 46, 6, 50, 21, 71, 54, 65, 23, 52, 43, 97, 68, 87, 24, 11, 82, 26, 15, 51, 49, 59, 45, 31, 74, 27, 30, 42, 0, 73, 25, 18, 60, 94, 83, 9, 81, 80, 95, 5, 14, 98, 89, 12, 93, 75, 13, 62, 32, 96, 92, 91, 3, 63, 16, 38, 61, 8, 86, 35, 33, 40, 10, 36, 84, 4, 76, 47, 66, 99, 69, 17, 7, 90, 67, 44, 70, 55, 20, 64, 37, 34, 72, 77, 29, 22, 79, 88, 2, 56
52, 43, 30, 88, 58, 77, 83, 36, 67, 24, 28, 42, 48, 60, 76, 5, 75, 90, 39, 55, 38, 1, 56, 97, 40, 54, 98, 87, 73, 69, 4, 22, 46, 68, 33, 91, 32, 41, 49, 71, 19, 84, 29, 31, 78, 12, 9, 0, 65, 74, 34, 16, 85, 3, 7, 10, 44, 23, 27, 96, 50, 79, 35, 15, 53, 70, 2, 94, 80, 20, 64, 57, 17, 61, 89, 62, 18, 26, 37, 81, 63, 11, 51, 99, 6, 72, 13, 25, 92, 21, 47, 8, 45, 86, 66, 82, 95, 93, 59, 14
35, 2, 40, 68, 64, 49, 95, 63, 30, 91, 66, 65, 71, 77, 12, 56, 19, 21, 22, 37, 46, 20, 31, 82, 83, 51, 7, 69, 92, 17, 24, 72, 4, 44, 93, 5, 88, 18, 34, 0, 52, 16, 26, 36, 10, 11, 86, 25, 47, 59, 80, 85, 39, 32, 28, 58, 27, 73, 53, 60, 48, 33, 45, 81, 74, 87, 79, 42, 78, 62, 13, 99, 75, 14, 38, 89, 76, 61, 96, 9, 41, 3, 98, 8, 1, 50, 67, 23, 97, 54, 15, 84, 6, 90, 94, 43, 57, 29, 55, 70
19, 22, 23, 21, 71, 12, 43, 65, 17, 47, 39, 85, 42, 73, 55, 95, 9, 26, 49, 36, 7, 35, 84, 8, 40, 38, 77, 79, 20, 25, 33, 99, 94, 72, 28, 10, 1, 58, 50, 90, 92, 75, 57, 37, 45, 44, 52, 61, 15, 53, 82, 68, 56, 89, 67, 93, 30, 41, 6, 59, 3, 11, 62, 66, 5, 83, 80, 91, 2, 64, 24, 14, 76, 34, 74, 46, 18, 31, 51, 96, 13, 97, 32, 60, 0, 98, 88, 81, 78, 63, 87, 70, 54, 86, 29, 16, 4, 48, 27, 69
79, 52, 62, 93, 4, 41, 8, 87, 65, 14, 42, 89, 86, 71, 48, 92, 58, 99, 90, 77, 39, 30, 19, 53, 80, 18, 66, 83, 69, 68, 91, 43, 44, 0, 76, 22, 34, 37, 5, 98, 12, 29, 24, 59, 96, 7, 94, 73, 15, 3, 72, 63, 55, 1, 36, 28, 26, 67, 70, 35, 32, 21, 78, 10, 95, 11, 25, 56, 51, 27, 9, 88, 82, 13, 81, 74, 61, 31, 38, 57, 85, 23, 6, 84, 49, 46, 54, 64, 50, 17, 75, 45, 2, 60, 47, 40, 16, 33, 20, 97
83, 39, 94, 16, 21, 71, 45, 38, 40, 95, 68, 43, 90, 14, 46, 56, 26, 67, 74, 47, 49, 69, 31, 92, 8, 20, 34, 87, 13, 0, 25, 70, 76, 97, 5, 27, 86, 19, 17, 99, 10, 61, 23, 51, 93, 6, 66, 3, 44, 53, 62, 41, 65, 91, 18, 7, 60, 28, 12, 36, 24, 88, 80, 32, 72, 30, 54, 15, 59, 33, 64, 79, 96, 29, 52, 75, 98, 55, 73, 4, 2, 85, 57, 89, 48, 78, 1, 35, 81, 58, 84, 22, 9, 77, 63, 82, 42, 37, 11, 50
90, 23, 98, 14, 24, 22, 60, 39, 68, 74, 48, 9, 42, 8, 1, 52, 56, 31, 7, 62, 41, 82, 11, 78, 69, 71, 0, 61, 53, 27, 79, 15, 33, 21, 19, 17, 12, 89, 55, 30, 54, 81, 40, 92, 25, 84, 16, 28, 75, 47, 46, 3, 73, 45, 13, 43, 65, 26, 95, 58, 83, 76, 63, 10, 29, 80, 36, 91, 70, 85, 2, 32, 50, 34, 88, 57, 49, 59, 66, 6, 64, 87, 94, 5, 44, 35, 86, 93, 20, 99, 96, 97, 51, 77, 38, 4, 67, 37, 72, 18
32, 52, 79, 91, 35, 18, 49, 85, 80, 29, 2, 99, 87, 8, 97, 78, 96, 19, 27, 56, 57, 89, 86, 22, 12, 41, 94, 6, 58, 77, 74, 66, 43, 3, 26, 20, 61, 75, 83, 11, 71, 98, 37, 67, 54, 92, 39, 17, 34, 5, 15, 16, 90, 82, 84, 47, 48, 24, 81, 65, 60, 69, 76, 46, 0, 36, 21, 72, 25, 30, 50, 93, 68, 9, 63, 55, 23, 10, 45, 70, 40, 53, 62, 7, 59, 88, 33, 42, 38, 31, 1, 51, 64, 28, 95, 44, 14, 13, 73, 4
82, 67, 92, 47, 71, 22, 39, 25, 60, 29, 97, 68, 38, 14, 18, 84, 62, 45, 34, 55, 90, 54, 10, 37, 51, 12, 57, 52, 30, 17, 95, 7, 4, 88, 35, 70, 87, 99, 28, 74, 53, 77, 31, 3, 96, 42, 64, 46, 2, 32, 40, 24, 9, 16, 59, 48, 76, 86, 27, 26, 11, 65, 33, 5, 19, 13, 43, 50, 93, 49, 89, 0, 79, 98, 94, 66, 56, 20, 21, 75, 15, 91, 6, 41, 72, 80, 58, 44, 69, 83, 23, 8, 61, 81, 63, 78, 36, 73, 85, 1
69, 41, 74, 6, 93, 67, 65, 13, 10, 92, 89, 9, 66, 99, 80, 62, 32, 21, 88, 20, 95, 18, 64, 35, 51, 77, 53, 60, 79, 12, 81, 11, 28, 68, 3, 15, 87, 55, 58, 40, 71, 59, 27, 85, 54, 84, 5, 46, 82, 25, 22, 36, 30, 72, 16, 23, 83, 97, 50, 76, 91, 47, 33, 44, 70, 75, 0, 98, 63, 26, 17, 19, 34, 4, 37, 45, 49, 73, 1, 24, 52, 8, 42, 48, 7, 78, 2, 56, 38, 86, 43, 94, 57, 14, 31, 61, 96, 29, 39, 90
61, 66, 12, 35, 7, 88, 46, 65, 90, 94, 42, 20, 41, 16, 67, 40, 26, 80, 44, 22, 32, 63, 13, 28, 76, 53, 11, 97, 58, 84, 45, 60, 89, 24, 56, 50, 48, 2, 69, 33, 25, 37, 73, 64, 81, 87, 34, 30, 3, 86, 52, 68, 98, 8, 27, 82, 47, 99, 23, 49, 38, 19, 96, 85, 5, 70, 72, 31, 6, 78, 51, 75, 92, 10, 29, 93, 43, 36, 77, 1, 0, 83, 79, 91, 15, 57, 18, 14, 71, 55, 9, 95, 17, 62, 4, 59, 39, 74, 21, 54
39, 66, 43, 49, 67, 50, 61, 35, 23, 96, 85, 74, 54, 78, 75, 93, 37, 1, 8, 7, 79, 21, 52, 34, 97, 29, 84, 80, 57, 44, 14, 62, 33, 59, 5, 51, 18, 88, 63, 68, 24, 4, 13, 69, 6, 45, 16, 48, 11, 0, 92, 77, 91, 22, 71, 89, 40, 60, 17, 94, 41, 47, 27, 70, 56, 90, 64, 46, 38, 3, 10, 26, 87, 42, 19, 32, 31, 2, 55, 98, 28, 53, 58, 20, 99, 12, 83, 73, 36, 86, 72, 81, 30, 95, 82, 25, 15, 76, 65, 9
39, 46, 34, 56, 36, 14, 30, 4, 27, 29, 5, 25, 66, 94, 64, 93, 51, 9, 15, 80, 82, 35, 68, 86, 2, 65, 83, 49, 61, 79, 69, 19, 57, 88, 10, 98, 75, 3, 62, 45, 8, 91, 44, 63, 70, 81, 11, 37, 23, 18, 31, 22, 77, 72, 92, 74, 95, 60, 50, 28, 43, 26, 99, 76, 6, 21, 38, 33, 58, 84, 90, 32, 52, 1, 24, 12, 87, 85, 0, 42, 73, 17, 59, 47, 16, 40, 53, 13, 78, 7, 48, 96, 71, 54, 97, 20, 41, 55, 89, 67
22, 88, 85, 19, 27, 3, 87, 66, 73, 80, 69, 67, 64, 40, 83, 7, 72, 26, 25, 89, 75, 71, 0, 35, 65, 68, 95, 86, 51, 31, 82, 79, 78, 58, 96, 18, 23, 94, 13, 14, 50, 6, 29, 48, 99, 61, 53, 47, 28, 37, 92, 17, 2, 36, 55, 33, 57, 76, 49, 10, 59, 24, 11, 20, 98, 4, 77, 43, 63, 21, 9, 30, 45, 84, 81, 42, 90, 97, 39, 41, 93, 60, 15, 12, 70, 1, 16, 54, 62, 5, 38, 44, 56, 46, 34, 74, 52, 8, 91, 32
17, 9, 97, 64, 62, 34, 45, 22, 61, 29, 56, 4, 78, 98, 92, 19, 3, 44, 99, 16, 85, 75, 11, 33, 95, 30, 52, 6, 69, 94, 24, 46, 58, 36, 25, 15, 60, 39, 71, 47, 86, 42, 81, 48, 40, 49, 59, 68, 32, 79, 77, 27, 66, 31, 90, 5, 13, 82, 2, 50, 35, 1, 55, 96, 21, 37, 12, 72, 80, 28, 10, 87, 51, 84, 41, 14, 65, 63, 91, 89, 20, 76, 7, 53, 88, 57, 73, 26, 8, 43, 38, 23, 83, 74, 18, 67, 93, 70, 0, 54
23, 0, 67, 31, 41, 19, 60, 74, 6, 28, 61, 16, 1, 96, 85, 66, 70, 92, 64, 65, 49, 36, 99, 10, 71, 30, 34, 82, 80, 4, 84, 97, 56, 62, 90, 93, 88, 83, 8, 2, 59, 43, 58, 26, 95, 21, 42, 20, 13, 63, 24, 18, 27, 40, 39, 37, 50, 33, 14, 29, 45, 75, 22, 25, 94, 79, 76, 38, 17, 68, 12, 55, 15, 86, 91, 32, 69, 72, 87, 51, 52, 54, 11, 78, 44, 5, 81, 35, 57, 47, 3, 73, 98, 46, 48, 7, 89, 53, 9, 77
43, 89, 38, 75, 95, 64, 92, 87, 49, 22, 61, 67, 93, 80, 78, 72, 70, 28, 79, 84, 11, 37, 97, 45, 8, 60, 96, 47, 98, 6, 50, 4, 1, 18, 85, 53, 24, 57, 99, 69, 51, 19, 82, 20, 23, 34, 73, 62, 42, 13, 63, 59, 14, 55, 0, 33, 26, 81, 46, 30, 40, 9, 5, 74, 77, 36, 17, 68, 44, 25, 90, 16, 52, 86, 31, 15, 65, 48, 39, 7, 35, 58, 3, 76, 41, 32, 2, 94, 83, 91, 56, 54, 88, 66, 21, 27, 10, 29, 71, 12
49, 27, 26, 17, 19, 80, 40, 13, 90, 46, 88, 16, 28, 94, 36, 2, 9, 97, 35, 32, 89, 58, 18, 92, 98, 71, 59, 10, 42, 8, 57, 23, 50, 4, 70, 34, 38, 96, 62, 45, 75, 51, 84, 31, 37, 15, 87, 44, 67, 52, 79, 30, 85, 29, 77, 91, 48, 61, 69, 5, 43, 11, 64, 33, 81, 60, 86, 22, 99, 66, 72, 74, 63, 3, 24, 14, 93, 47, 39, 12, 41, 54, 25, 56, 7, 68, 21, 55, 20, 1, 73, 83, 65, 82, 0, 53, 95, 78, 76, 6
65, 26, 30, 7, 36, 45, 58, 24, 2, 35, 28, 78, 54, 64, 61, 11, 81, 6, 3, 62, 31, 98, 48, 53, 47, 96, 12, 80, 83, 27, 99, 79, 86, 55, 41, 77, 34, 10, 8, 14, 67, 76, 1, 23, 44, 25, 93, 95, 92, 43, 88, 33, 16, 46, 32, 75, 94, 69, 66, 42, 29, 68, 90, 40, 4, 89, 87, 82, 13, 0, 85, 63, 19, 57, 72, 20, 56, 70, 39, 91, 21, 71, 74, 37, 97, 17, 5, 60, 50, 15, 22, 18, 9, 52, 51, 38, 73, 49, 84, 59
97, 20, 27, 35, 29, 7, 67, 38, 44, 82, 5, 45, 0, 1, 11, 75, 81, 98, 78, 3, 36, 87, 77, 74, 12, 56, 91, 10, 93, 22, 57, 2, 64, 96, 71, 61, 43, 19, 28, 51, 76, 33, 46, 40, 26, 70, 65, 32, 92, 25, 99, 9, 21, 62, 55, 14, 24, 16, 59, 52, 94, 95, 72, 6, 89, 34, 63, 30, 69, 90, 50, 8, 39, 48, 88, 80, 17, 47, 15, 86, 42, 23, 79, 31, 53, 37, 84, 73, 66, 60, 49, 41, 83, 58, 68, 54, 4, 85, 18, 13
12, 59, 98, 82, 69, 96, 19, 94, 48, 89, 93, 74, 58, 78, 67, 56, 40, 26, 24, 6, 13, 38, 70, 5, 27, 52, 17, 22, 99, 68, 86, 11, 30, 91, 53, 45, 50, 21, 54, 25, 72, 60, 18, 63, 87, 64, 81, 88, 23, 49, 36, 79, 61, 43, 34, 0, 31, 76, 4, 2, 75, 46, 95, 47, 8, 80, 65, 90, 33, 10, 32, 55, 41, 15, 62, 85, 3, 42, 29, 77, 44, 16, 1, 7, 97, 51, 84, 37, 14, 71, 57, 35, 73, 66, 83, 9, 92, 28, 39, 20
94, 5, 72, 50, 78, 0, 4, 62, 64, 38, 26, 18, 36, 49, 66, 90, 87, 61, 48, 96, 31, 83, 43, 16, 44, 47, 24, 41, 28, 74, 97, 33, 81, 85, 29, 98, 20, 40, 25, 37, 34, 63, 46, 8, 12, 32, 69, 95, 89, 19, 65, 9, 71, 68, 1, 86, 21, 70, 58, 80, 42, 17, 91, 99, 93, 88, 57, 6, 75, 14, 84, 56, 82, 22, 23, 39, 7, 11, 92, 60, 45, 51, 2, 52, 13, 27, 30, 67, 77, 3, 53, 59, 10, 35, 15, 79, 55, 73, 54, 76
38, 86, 41, 60, 87, 79, 10, 98, 94, 73, 17, 24, 54, 0, 55, 36, 23, 56, 90, 14, 85, 64, 74, 30, 8, 78, 52, 27, 53, 28, 48, 84, 59, 21, 18, 58, 76, 33, 37, 4, 88, 77, 75, 50, 47, 61, 42, 20, 1, 49, 45, 63, 34, 99, 16, 7, 66, 83, 71, 39, 81, 31, 80, 12, 2, 6, 25, 57, 44, 22, 40, 92, 96, 67, 51, 65, 62, 9, 15, 26, 82, 46, 43, 91, 19, 3, 68, 29, 97, 70, 13, 35, 5, 69, 89, 95, 11, 72, 93, 32
18, 1, 10, 59, 35, 27, 93, 62, 34, 82, 87, 69, 28, 21, 55, 22, 23, 24, 84, 85, 98, 37, 48, 0, 95, 66, 83, 76, 72, 36, 63, 68, 32, 64, 42, 75, 88, 74, 41, 25, 3, 16, 2, 33, 97, 50, 90, 81, 20, 30, 4, 86, 61, 13, 91, 12, 29, 5, 49, 7, 71, 9, 73, 65, 43, 45, 44, 60, 92, 54, 40, 6, 52, 57, 31, 39, 53, 38, 19, 79, 96, 77, 94, 15, 67, 51, 99, 70, 78, 14, 17, 58, 89, 56, 46, 8, 47, 11, 26, 80
81, 92, 5, 6, 82, 80, 70, 87, 33, 45, 35, 39, 23, 55, 46, 65, 17, 49, 68, 34, 53, 3, 14, 20, 54, 44, 72, 71, 38, 58, 7, 10, 73, 98, 15, 16, 52, 28, 95, 32, 86, 62, 96, 85, 69, 12, 40, 47, 93, 43, 61, 25, 42, 50, 31, 1, 18, 27, 75, 64, 60, 36, 83, 51, 21, 88, 66, 59, 48, 79, 63, 94, 89, 2, 90, 78, 11, 74, 99, 29, 30, 77, 8, 13, 37, 56, 22, 84, 9, 0, 19, 57, 67, 91, 4, 76, 26, 41, 24, 97
36, 49, 64, 93, 22, 62, 53, 26, 41, 94, 92, 19, 96, 74, 29, 43, 4, 65, 3, 51, 11, 63, 84, 17, 12, 58, 75, 91, 44, 85, 46, 77, 21, 78, 23, 30, 7, 15, 60, 71, 99, 0, 68, 73, 89, 35, 52, 13, 16, 39, 18, 1, 66, 33, 6, 54, 28, 86, 80, 56, 81, 59, 9, 10, 57, 98, 83, 47, 42, 55, 27, 95, 72, 50, 87, 90, 76, 67, 61, 25, 37, 2, 14, 20, 69, 34, 48, 24, 70, 79, 45, 40, 5, 32, 82, 8, 97, 38, 31, 88
95, 32, 64, 91, 74, 85, 98, 90, 88, 21, 36, 26, 4, 45, 17, 69, 25, 89, 93, 7, 49, 71, 41, 54, 47, 65, 61, 94, 29, 34, 63, 23, 48, 55, 60, 84, 37, 30, 97, 1, 11, 35, 68, 18, 43, 27, 10, 73, 12, 62, 9, 13, 81, 86, 52, 76, 82, 3, 28, 75, 92, 67, 0, 51, 53, 87, 99, 38, 31, 72, 22, 44, 2, 20, 70, 50, 58, 59, 33, 24, 46, 80, 77, 6, 83, 39, 79, 40, 42, 8, 5, 16, 15, 57, 78, 96, 19, 66, 56, 14
77, 52, 61, 5, 79, 27, 41, 69, 12, 2, 66, 29, 68, 9, 51, 94, 10, 76, 26, 40, 71, 62, 55, 19, 96, 35, 17, 25, 50, 92, 82, 28, 24, 48, 16, 14, 88, 87, 84, 64, 1, 4, 67, 80, 99, 38, 39, 0, 98, 72, 13, 36, 81, 44, 34, 7, 74, 83, 85, 53, 89, 23, 93, 60, 42, 90, 86, 31, 11, 15, 58, 57, 45, 56, 20, 97, 73, 43, 47, 75, 46, 33, 59, 37, 70, 32, 54, 30, 22, 3, 63, 49, 95, 65, 8, 21, 91, 6, 18, 78
58, 65, 4, 36, 88, 21, 67, 99, 14, 13, 82, 70, 30, 92, 29, 49, 27, 94, 66, 84, 54, 61, 80, 50, 60, 86, 15, 62, 40, 12, 96, 39, 59, 79, 64, 42, 25, 55, 78, 98, 8, 63, 9, 48, 53, 89, 95, 46, 85, 93, 7, 0, 72, 47, 16, 33, 77, 81, 57, 97, 51, 45, 87, 38, 23, 28, 69, 5, 73, 31, 76, 68, 26, 24, 10, 56, 19, 3, 44, 32, 20, 52, 43, 18, 2, 75, 34, 35, 6, 37, 1, 90, 83, 17, 74, 41, 11, 22, 71, 91
75, 26, 30, 9, 74, 58, 70, 89, 45, 13, 18, 78, 16, 59, 87, 20, 33, 71, 94, 14, 55, 83, 25, 93, 54, 98, 61, 88, 66, 32, 57, 86, 92, 34, 0, 99, 23, 39, 15, 63, 69, 5, 77, 62, 46, 7, 29, 79, 65, 64, 68, 40, 21, 41, 84, 96, 44, 49, 10, 36, 97, 60, 8, 2, 37, 22, 52, 12, 72, 1, 80, 24, 48, 11, 4, 56, 28, 91, 90, 50, 76, 81, 42, 38, 19, 17, 85, 3, 53, 73, 51, 43, 95, 6, 27, 82, 47, 35, 67, 31
37, 28, 38, 76, 10, 85, 36, 69, 54, 1, 4, 34, 63, 48, 57, 73, 87, 82, 64, 92, 96, 99, 24, 39, 47, 49, 13, 21, 83, 25, 56, 59, 8, 52, 86, 15, 18, 6, 74, 80, 75, 14, 9, 17, 91, 41, 89, 11, 94, 2, 55, 60, 23, 7, 22, 61, 70, 53, 97, 32, 45, 0, 16, 20, 95, 98, 3, 84, 44, 67, 88, 72, 30, 5, 93, 77, 71, 31, 26, 90, 65, 50, 81, 35, 43, 68, 58, 19, 79, 66, 40, 29, 46, 12, 42, 33, 78, 51, 62, 27
4, 84, 6, 77, 20, 79, 63, 90, 24, 16, 14, 70, 65, 69, 57, 9, 88, 35, 42, 15, 51, 82, 67, 45, 62, 81, 47, 5, 87, 98, 68, 53, 58, 33, 96, 32, 46, 28, 85, 11, 60, 29, 38, 48, 86, 80, 64, 56, 66, 91, 95, 23, 21, 52, 26, 7, 83, 2, 3, 74, 61, 30, 55, 12, 54, 0, 19, 1, 99, 92, 8, 72, 34, 27, 37, 73, 89, 25, 31, 75, 13, 40, 18, 94, 97, 49, 71, 22, 36, 10, 93, 43, 78, 44, 50, 39, 76, 17, 41, 59
7, 56, 11, 27, 64, 83, 88, 51, 69, 96, 54, 79, 42, 25, 61, 5, 44, 13, 68, 62, 91, 35, 66, 16, 19, 8, 63, 22, 86, 9, 40, 21, 48, 77, 94, 39, 57, 15, 81, 99, 1, 10, 85, 6, 24, 80, 67, 34, 92, 73, 90, 50, 71, 65, 84, 12, 45, 41, 14, 17, 97, 30, 58, 31, 46, 36, 60, 82, 26, 93, 52, 95, 0, 72, 49, 76, 23, 89, 70, 55, 32, 47, 98, 28, 18, 2, 75, 33, 20, 29, 53, 38, 87, 78, 74, 4, 43, 37, 59, 3
41, 84, 1, 55, 62, 28, 21, 23, 6, 32, 3, 8, 10, 99, 63, 96, 43, 31, 78, 15, 71, 74, 37, 95, 35, 57, 45, 72, 53, 61, 73, 79, 59, 12, 46, 26, 9, 40, 38, 98, 60, 0, 52, 14, 76, 81, 5, 24, 90, 44, 4, 49, 85, 58, 54, 48, 30, 2, 82, 86, 27, 70, 67, 20, 68, 7, 29, 22, 18, 42, 91, 56, 13, 88, 64, 97, 50, 16, 51, 47, 36, 93, 34, 17, 25, 87, 94, 66, 83, 11, 33, 80, 19, 75, 69, 39, 77, 92, 89, 65
18, 94, 74, 15, 82, 86, 61, 25, 9, 4, 11, 42, 60, 39, 64, 70, 50, 91, 97, 40, 87, 83, 66, 59, 46, 51, 30, 29, 57, 55, 96, 78, 2, 85, 14, 47, 92, 5, 23, 21, 69, 6, 0, 33, 53, 31, 36, 80, 16, 34, 98, 43, 45, 95, 26, 17, 67, 72, 71, 79, 37, 19, 49, 27, 75, 32, 38, 1, 24, 12, 41, 90, 44, 8, 68, 7, 52, 65, 20, 54, 48, 73, 56, 22, 62, 93, 81, 76, 58, 13, 88, 89, 3, 77, 63, 35, 84, 99, 10, 28
4, 38, 91, 82, 25, 97, 70, 6, 19, 30, 75, 29, 2, 12, 26, 47, 3, 22, 5, 50, 52, 46, 57, 28, 90, 8, 51, 88, 0, 54, 64, 35, 36, 40, 83, 69, 79, 67, 23, 20, 93, 68, 87, 63, 78, 18, 48, 62, 56, 9, 17, 58, 1, 41, 27, 15, 14, 76, 77, 49, 74, 71, 60, 85, 43, 95, 92, 81, 94, 89, 33, 72, 45, 34, 32, 55, 98, 59, 11, 24, 61, 39, 16, 31, 13, 96, 66, 65, 84, 10, 53, 21, 44, 80, 7, 73, 99, 37, 42, 86
11, 99, 38, 22, 51, 95, 39, 10, 84, 50, 71, 65, 79, 72, 74, 85, 55, 78, 24, 60, 26, 13, 0, 23, 83, 17, 45, 12, 33, 41, 19, 69, 20, 77, 15, 25, 88, 8, 29, 4, 94, 7, 92, 3, 75, 52, 61, 30, 66, 42, 32, 96, 18, 57, 34, 63, 40, 16, 70, 43, 76, 87, 81, 28, 82, 1, 35, 86, 6, 37, 14, 36, 73, 48, 90, 64, 97, 59, 47, 49, 93, 67, 56, 58, 68, 53, 91, 9, 2, 80, 46, 31, 44, 5, 89, 62, 27, 21, 98, 54
92, 68, 15, 49, 97, 40, 99, 62, 47, 93, 42, 35, 66, 86, 30, 61, 57, 34, 71, 43, 73, 13, 10, 29, 8, 70, 31, 32, 55, 0, 65, 45, 85, 23, 50, 38, 78, 88, 80, 67, 37, 75, 83, 11, 14, 90, 64, 60, 46, 94, 18, 17, 63, 72, 81, 53, 87, 5, 2, 25, 4, 77, 27, 69, 52, 22, 36, 76, 1, 89, 54, 9, 58, 33, 41, 6, 20, 79, 84, 7, 82, 74, 48, 96, 91, 28, 24, 98, 95, 44, 12, 3, 56, 16, 19, 59, 26, 51, 39, 21
79, 66, 18, 17, 65, 24, 62, 5, 57, 85, 12, 52, 41, 3, 38, 26, 16, 69, 11, 28, 35, 61, 77, 58, 33, 75, 23, 89, 34, 37, 51, 82, 44, 56, 40, 88, 60, 83, 99, 90, 55, 95, 49, 64, 6, 48, 10, 8, 68, 4, 20, 47, 14, 59, 2, 97, 63, 30, 98, 87, 19, 72, 13, 78, 50, 84, 9, 46, 94, 36, 1, 21, 25, 0, 71, 29, 53, 86, 42, 92, 73, 81, 45, 43, 80, 93, 31, 54, 91, 32, 7, 22, 39, 70, 74, 96, 76, 67, 27, 15
78, 17, 56, 68, 66, 18, 16, 58, 21, 7, 59, 97, 83, 11, 69, 27, 57, 53, 25, 3, 72, 46, 95, 9, 89, 43, 30, 77, 26, 0, 75, 84, 60, 96, 90, 74, 87, 85, 54, 88, 8, 82, 28, 91, 31, 29, 94, 20, 13, 36, 70, 14, 23, 62, 42, 50, 80, 99, 52, 65, 6, 1, 37, 51, 19, 2, 64, 48, 49, 61, 55, 39, 32, 24, 38, 41, 79, 45, 34, 35, 10, 98, 93, 15, 40, 92, 67, 33, 71, 4, 73, 47, 44, 63, 12, 76, 22, 5, 86, 81
71, 56, 74, 5, 9, 36, 79, 67, 16, 84, 44, 69, 81, 46, 61, 18, 6, 99, 77, 54, 86, 3, 51, 65, 2, 93, 8, 47, 37, 94, 17, 87, 91, 19, 0, 66, 68, 57, 30, 75, 96, 13, 23, 31, 40, 48, 82, 89, 76, 92, 26, 12, 14, 50, 1, 78, 97, 62, 20, 98, 4, 35, 27, 34, 41, 83, 43, 85, 32, 28, 90, 22, 25, 24, 52, 55, 88, 95, 60, 63, 21, 38, 64, 10, 70, 53, 33, 15, 29, 11, 49, 80, 73, 45, 59, 42, 39, 72, 58, 7
99, 67, 0, 45, 69, 94, 71, 16, 74, 92, 15, 25, 82, 20, 91, 90, 53, 26, 87, 77, 10, 17, 11, 51, 22, 32, 85, 76, 27, 13, 2, 72, 63, 12, 34, 7, 6, 58, 73, 31, 81, 4, 1, 39, 55, 49, 44, 86, 8, 19, 40, 65, 52, 54, 35, 70, 97, 9, 56, 66, 14, 68, 98, 84, 75, 64, 60, 29, 48, 61, 38, 78, 50, 42, 21, 79, 46, 93, 37, 80, 33, 23, 88, 3, 57, 47, 24, 89, 28, 5, 59, 62, 96, 83, 36, 95, 30, 18, 41, 43
41, 98, 77, 45, 92, 96, 93, 70, 35, 29, 94, 46, 14, 13, 26, 39, 84, 95, 21, 22, 6, 5, 2, 52, 53, 79, 62, 75, 38, 33, 49, 32, 27, 7, 25, 4, 12, 61, 30, 83, 19, 47, 51, 74, 78, 68, 10, 57, 69, 24, 20, 99, 18, 76, 87, 59, 23, 55, 90, 60, 63, 88, 44, 34, 15, 65, 37, 50, 1, 11, 16, 54, 64, 0, 42, 8, 28, 82, 9, 31, 66, 86, 72, 58, 85, 71, 3, 81, 17, 89, 36, 91, 67, 48, 56, 43, 80, 97, 40, 73
33, 44, 86, 51, 8, 64, 85, 14, 55, 6, 31, 42, 12, 19, 68, 3, 75, 21, 20, 37, 77, 41, 11, 76, 13, 71, 22, 99, 25, 84, 70, 27, 0, 78, 9, 4, 79, 53, 60, 48, 28, 62, 10, 26, 95, 56, 23, 18, 36, 81, 47, 43, 34, 82, 61, 24, 29, 87, 98, 93, 1, 16, 15, 45, 59, 38, 91, 69, 40, 57, 32, 5, 39, 74, 46, 30, 83, 67, 72, 7, 73, 17, 80, 89, 88, 35, 92, 94, 90, 49, 63, 65, 58, 2, 96, 54, 66, 52, 50, 97
37, 90, 18, 57, 49, 34, 39, 35, 48, 87, 63, 54, 33, 97, 17, 52, 62, 44, 91, 86, 78, 82, 92, 99, 6, 53, 72, 7, 77, 8, 42, 9, 4, 59, 1, 60, 51, 43, 12, 76, 24, 29, 16, 28, 94, 47, 0, 84, 19, 26, 69, 85, 74, 66, 55, 27, 21, 15, 31, 70, 36, 67, 65, 25, 32, 93, 23, 10, 96, 41, 83, 64, 98, 50, 40, 30, 11, 38, 45, 75, 46, 3, 89, 58, 73, 22, 56, 5, 2, 80, 81, 95, 79, 20, 88, 61, 13, 68, 14, 71
83, 25, 30, 38, 47, 14, 88, 34, 29, 23, 13, 75, 84, 48, 91, 35, 36, 19, 60, 55, 15, 66, 39, 9, 94, 32, 28, 44, 2, 74, 6, 49, 85, 27, 22, 18, 59, 40, 68, 78, 65, 92, 52, 4, 51, 42, 90, 50, 79, 5, 11, 56, 31, 80, 63, 67, 57, 96, 99, 71, 7, 98, 86, 10, 95, 70, 53, 97, 76, 43, 3, 54, 33, 58, 8, 72, 46, 41, 73, 77, 24, 93, 64, 20, 16, 21, 0, 62, 17, 12, 69, 89, 1, 82, 81, 37, 87, 61, 45, 26
50, 7, 24, 29, 75, 39, 59, 4, 41, 63, 46, 3, 20, 99, 38, 70, 35, 65, 34, 28, 97, 12, 51, 79, 93, 45, 68, 36, 76, 10, 49, 73, 69, 95, 94, 74, 27, 16, 52, 42, 17, 78, 44, 67, 8, 82, 88, 40, 18, 11, 9, 55, 98, 23, 19, 77, 13, 14, 47, 61, 6, 57, 25, 92, 62, 85, 5, 72, 66, 0, 60, 48, 54, 33, 43, 80, 2, 26, 56, 53, 84, 32, 22, 37, 1, 90, 64, 83, 71, 87, 81, 91, 15, 89, 30, 96, 86, 58, 31, 21
80, 16, 73, 58, 77, 10, 59, 95, 24, 54, 11, 31, 27, 97, 33, 38, 49, 89, 21, 78, 74, 40, 45, 81, 52, 32, 79, 35, 66, 43, 48, 22, 26, 72, 0, 93, 29, 63, 28, 55, 39, 5, 17, 61, 76, 12, 46, 94, 67, 83, 98, 75, 90, 23, 1, 2, 91, 50, 25, 34, 44, 51, 86, 4, 62, 70, 96, 30, 47, 82, 99, 20, 87, 42, 57, 19, 7, 53, 85, 92, 13, 68, 18, 56, 37, 84, 71, 9, 6, 14, 8, 64, 60, 15, 3, 36, 65, 69, 88, 41
76, 64, 57, 39, 92, 0, 82, 19, 45, 28, 22, 77, 98, 41, 2, 68, 50, 15, 61, 83, 1, 26, 34, 60, 85, 90, 80, 71, 24, 65, 51, 81, 66, 13, 55, 29, 21, 86, 93, 59, 17, 53, 11, 58, 30, 10, 94, 23, 97, 84, 9, 31, 78, 35, 46, 96, 54, 89, 20, 8, 3, 49, 25, 48, 69, 33, 43, 6, 56, 7, 72, 12, 27, 40, 42, 75, 67, 5, 63, 95, 18, 36, 52, 79, 88, 37, 73, 62, 44, 87, 38, 4, 74, 47, 16, 14, 70, 91, 32, 99
79, 13, 33, 15, 54, 52, 56, 90, 41, 9, 62, 91, 83, 10, 96, 43, 3, 12, 95, 19, 65, 49, 38, 26, 74, 63, 71, 47, 0, 18, 22, 16, 21, 80, 39, 14, 46, 76, 94, 82, 44, 30, 2, 97, 84, 5, 27, 28, 20, 17, 58, 35, 45, 11, 59, 4, 99, 72, 8, 40, 73, 42, 86, 78, 92, 69, 61, 60, 25, 89, 70, 88, 67, 98, 7, 1, 51, 75, 53, 37, 6, 85, 36, 81, 32, 24, 57, 50, 64, 55, 31, 68, 23, 29, 77, 34, 93, 48, 87, 66
45, 80, 31, 17, 42, 76, 35, 43, 8, 15, 4, 69, 73, 7, 14, 61, 37, 20, 12, 67, 82, 60, 99, 10, 34, 44, 48, 84, 32, 47, 11, 22, 75, 36, 68, 29, 63, 95, 53, 58, 83, 72, 23, 98, 90, 94, 5, 59, 19, 38, 9, 52, 24, 91, 49, 21, 74, 70, 18, 27, 87, 57, 86, 30, 88, 25, 89, 40, 96, 6, 39, 55, 78, 16, 2, 41, 51, 66, 56, 3, 85, 64, 46, 71, 65, 92, 97, 33, 26, 1, 50, 54, 77, 0, 81, 13, 62, 28, 93, 79
17, 54, 52, 90, 46, 58, 88, 36, 57, 2, 20, 97, 92, 5, 63, 66, 67, 39, 7, 70, 81, 42, 38, 49, 30, 25, 48, 89, 51, 22, 37, 80, 93, 62, 29, 45, 53, 19, 72, 16, 24, 44, 6, 32, 68, 71, 96, 28, 15, 61, 35, 14, 73, 86, 43, 1, 55, 31, 69, 9, 83, 8, 95, 41, 40, 26, 23, 33, 50, 84, 11, 94, 12, 59, 82, 98, 74, 47, 0, 91, 21, 87, 34, 60, 18, 85, 4, 64, 10, 79, 76, 3, 27, 13, 75, 56, 78, 65, 99, 77
0, 95, 72, 56, 73, 22, 55, 15, 5, 70, 78, 76, 37, 82, 63, 59, 30, 48, 94, 17, 8, 1, 11, 31, 42, 57, 54, 69, 96, 27, 46, 99, 44, 97, 39, 74, 92, 91, 58, 79, 98, 32, 20, 66, 2, 19, 90, 61, 16, 4, 84, 50, 68, 35, 85, 86, 12, 75, 36, 6, 13, 26, 60, 25, 21, 9, 47, 41, 40, 77, 18, 34, 52, 65, 62, 89, 3, 64, 49, 88, 53, 51, 43, 23, 67, 83, 7, 10, 87, 38, 45, 80, 33, 93, 29, 28, 24, 71, 81, 14
58, 73, 40, 61, 59, 49, 84, 21, 2, 74, 33, 60, 1, 12, 98, 6, 15, 38, 23, 27, 22, 16, 32, 24, 66, 30, 34, 10, 28, 42, 83, 55, 43, 53, 3, 47, 86, 89, 41, 75, 11, 48, 35, 87, 69, 13, 50, 63, 85, 79, 31, 8, 96, 81, 62, 36, 88, 54, 37, 51, 20, 93, 44, 56, 9, 68, 82, 45, 91, 5, 7, 17, 19, 29, 92, 0, 97, 26, 65, 52, 76, 78, 94, 77, 67, 72, 95, 46, 39, 99, 14, 57, 70, 18, 4, 25, 80, 64, 90, 71
10, 46, 54, 71, 36, 25, 87, 91, 70, 61, 42, 57, 64, 53, 52, 88, 76, 99, 86, 94, 35, 4, 9, 20, 28, 39, 92, 26, 5, 38, 22, 16, 74, 11, 75, 21, 23, 79, 80, 98, 69, 14, 19, 66, 83, 13, 89, 90, 24, 41, 1, 68, 62, 29, 47, 50, 97, 60, 96, 55, 95, 58, 49, 67, 18, 30, 93, 82, 81, 37, 27, 56, 6, 15, 40, 77, 33, 12, 43, 85, 51, 34, 73, 8, 78, 44, 0, 72, 3, 2, 63, 45, 48, 7, 31, 84, 32, 17, 65, 59
64, 39, 94, 88, 86, 45, 18, 35, 75, 24, 38, 84, 19, 65, 66, 1, 0, 47, 68, 93, 56, 87, 49, 69, 37, 43, 44, 36, 8, 50, 41, 77, 29, 98, 52, 55, 7, 82, 48, 80, 89, 58, 40, 4, 46, 53, 92, 22, 21, 28, 16, 23, 96, 2, 70, 20, 83, 76, 13, 78, 26, 34, 57, 27, 3, 67, 54, 71, 61, 10, 12, 73, 97, 32, 60, 51, 9, 99, 11, 59, 5, 72, 95, 79, 6, 74, 30, 14, 33, 81, 63, 42, 90, 31, 91, 15, 17, 25, 62, 85
52, 31, 91, 44, 25, 76, 49, 35, 73, 75, 33, 38, 7, 89, 21, 95, 69, 36, 3, 92, 67, 12, 56, 62, 61, 82, 8, 59, 43, 58, 4, 88, 15, 11, 26, 55, 14, 66, 63, 51, 9, 24, 81, 20, 42, 96, 93, 77, 29, 39, 99, 32, 18, 78, 97, 34, 13, 65, 37, 1, 98, 10, 87, 23, 70, 54, 30, 84, 22, 90, 2, 0, 86, 5, 50, 85, 71, 41, 57, 45, 16, 46, 19, 40, 80, 74, 17, 6, 47, 60, 68, 79, 64, 48, 27, 94, 72, 53, 28, 83
7, 38, 84, 94, 89, 99, 10, 13, 76, 80, 74, 41, 51, 93, 44, 21, 18, 55, 53, 52, 28, 37, 24, 56, 16, 31, 8, 58, 0, 4, 78, 61, 63, 95, 71, 45, 69, 87, 54, 26, 90, 22, 33, 67, 92, 36, 97, 19, 96, 49, 42, 77, 30, 1, 68, 85, 70, 66, 27, 2, 81, 5, 65, 9, 64, 20, 15, 82, 59, 3, 32, 17, 25, 12, 79, 34, 62, 29, 40, 72, 39, 14, 91, 47, 73, 46, 43, 75, 23, 35, 60, 98, 57, 50, 11, 48, 88, 6, 83, 86
63, 37, 46, 91, 35, 39, 47, 62, 72, 31, 95, 52, 21, 57, 85, 93, 34, 15, 89, 66, 82, 8, 73, 3, 81, 29, 71, 79, 51, 83, 7, 53, 44, 90, 33, 68, 4, 96, 45, 32, 18, 19, 23, 12, 94, 67, 26, 80, 60, 9, 48, 30, 56, 6, 10, 28, 97, 58, 41, 27, 69, 38, 65, 16, 70, 2, 40, 25, 11, 43, 49, 87, 36, 24, 20, 84, 13, 5, 55, 92, 22, 1, 76, 64, 50, 77, 59, 42, 54, 78, 14, 88, 17, 74, 75, 0, 86, 61, 99, 98
78, 32, 24, 56, 83, 25, 17, 15, 9, 99, 95, 38, 35, 36, 77, 71, 64, 73, 63, 55, 4, 13, 65, 11, 54, 6, 10, 52, 90, 7, 94, 47, 88, 91, 53, 46, 12, 39, 40, 58, 5, 85, 18, 82, 37, 98, 42, 51, 70, 76, 67, 14, 96, 28, 84, 0, 30, 72, 20, 2, 8, 62, 60, 68, 34, 74, 3, 43, 75, 19, 66, 1, 26, 44, 29, 97, 22, 89, 21, 79, 48, 87, 16, 45, 86, 31, 49, 61, 80, 92, 59, 81, 41, 27, 23, 93, 69, 33, 57, 50
17, 59, 68, 33, 6, 64, 10, 75, 12, 46, 5, 67, 56, 65, 34, 19, 61, 85, 13, 82, 50, 25, 89, 69, 2, 92, 45, 14, 94, 47, 81, 76, 28, 86, 84, 52, 16, 80, 21, 57, 70, 72, 83, 53, 73, 40, 15, 91, 96, 95, 99, 8, 18, 77, 49, 87, 42, 0, 30, 74, 78, 43, 4, 1, 24, 22, 88, 48, 79, 90, 44, 7, 29, 97, 41, 71, 36, 51, 66, 23, 3, 37, 11, 32, 26, 20, 58, 39, 35, 98, 27, 62, 38, 54, 9, 60, 31, 55, 93, 63
64, 98, 53, 97, 55, 77, 24, 0, 52, 21, 88, 29, 38, 67, 13, 46, 34, 91, 61, 90, 85, 5, 70, 43, 86, 54, 84, 95, 27, 62, 75, 87, 71, 81, 66, 4, 63, 36, 31, 44, 23, 45, 92, 26, 33, 89, 22, 28, 39, 73, 96, 10, 3, 78, 9, 2, 19, 17, 25, 16, 48, 94, 58, 15, 93, 37, 35, 18, 72, 68, 60, 51, 1, 42, 6, 41, 12, 65, 49, 47, 14, 7, 82, 56, 79, 59, 74, 80, 57, 8, 40, 20, 30, 69, 32, 99, 76, 11, 50, 83
31, 96, 95, 91, 29, 17, 83, 53, 2, 73, 6, 19, 98, 97, 47, 92, 65, 30, 86, 51, 18, 94, 78, 45, 71, 3, 85, 48, 46, 75, 14, 13, 26, 84, 76, 79, 90, 60, 67, 25, 61, 69, 27, 59, 55, 88, 20, 80, 72, 0, 41, 22, 58, 82, 21, 77, 35, 43, 38, 56, 70, 87, 24, 40, 37, 52, 81, 34, 9, 39, 64, 93, 99, 57, 62, 12, 54, 8, 63, 44, 33, 32, 42, 23, 66, 50, 15, 89, 28, 11, 16, 4, 74, 5, 68, 49, 7, 36, 10, 1
77, 93, 40, 30, 67, 88, 3, 85, 15, 64, 70, 59, 31, 33, 14, 18, 92, 37, 12, 69, 74, 53, 47, 57, 20, 19, 56, 17, 62, 25, 16, 27, 54, 75, 72, 94, 32, 4, 58, 51, 80, 83, 21, 79, 43, 63, 45, 50, 68, 5, 98, 90, 61, 6, 24, 60, 65, 8, 49, 78, 76, 66, 0, 97, 46, 7, 89, 9, 10, 84, 13, 96, 22, 82, 95, 99, 35, 52, 41, 44, 81, 1, 86, 28, 23, 11, 39, 2, 87, 91, 42, 29, 73, 55, 71, 34, 26, 36, 48, 38
0, 71, 48, 89, 17, 53, 11, 30, 36, 86, 84, 66, 96, 99, 67, 73, 81, 16, 44, 24, 49, 41, 23, 55, 10, 64, 70, 8, 26, 21, 54, 52, 12, 82, 56, 1, 62, 63, 76, 57, 65, 13, 78, 28, 94, 91, 22, 40, 29, 27, 32, 79, 37, 97, 34, 14, 9, 93, 3, 35, 33, 18, 31, 39, 80, 19, 58, 7, 87, 69, 60, 15, 6, 38, 25, 46, 77, 74, 98, 85, 61, 83, 45, 68, 42, 50, 90, 20, 72, 75, 95, 43, 92, 2, 4, 5, 88, 47, 51, 59
49, 82, 92, 8, 11, 16, 60, 25, 10, 14, 79, 48, 29, 38, 87, 90, 47, 53, 21, 51, 95, 40, 62, 63, 31, 58, 56, 88, 7, 32, 97, 41, 27, 42, 57, 24, 3, 9, 77, 72, 23, 6, 93, 35, 36, 54, 39, 52, 18, 34, 65, 59, 64, 12, 26, 45, 67, 86, 28, 84, 22, 66, 55, 46, 43, 74, 78, 61, 20, 30, 83, 71, 5, 17, 50, 33, 99, 73, 1, 76, 4, 44, 19, 94, 15, 37, 98, 69, 75, 68, 2, 96, 13, 81, 0, 70, 89, 91, 85, 80
10, 65, 41, 95, 25, 18, 83, 0, 43, 5, 47, 6, 51, 33, 79, 48, 45, 27, 11, 28, 58, 22, 12, 16, 76, 70, 68, 24, 99, 89, 19, 9, 20, 98, 13, 67, 88, 29, 7, 52, 38, 49, 40, 72, 85, 46, 3, 31, 50, 14, 86, 57, 53, 59, 74, 90, 56, 92, 63, 15, 62, 55, 96, 91, 42, 34, 80, 54, 77, 94, 69, 73, 23, 1, 93, 60, 8, 44, 66, 64, 36, 17, 21, 78, 32, 71, 39, 4, 81, 26, 87, 30, 2, 75, 82, 84, 35, 97, 37, 61
17, 69, 88, 37, 64, 28, 21, 22, 94, 99, 35, 23, 98, 70, 53, 13, 93, 1, 4, 81, 85, 19, 87, 11, 44, 97, 0, 42, 31, 34, 49, 8, 57, 80, 58, 86, 33, 78, 96, 27, 92, 3, 60, 6, 48, 16, 62, 76, 38, 82, 61, 72, 63, 40, 45, 47, 73, 14, 59, 24, 89, 71, 55, 77, 79, 68, 95, 30, 41, 10, 90, 66, 9, 91, 74, 26, 18, 20, 52, 65, 39, 46, 67, 5, 51, 43, 36, 2, 32, 84, 54, 83, 75, 29, 25, 7, 50, 56, 15, 12
52, 94, 3, 96, 73, 12, 5, 83, 93, 26, 78, 40, 69, 44, 14, 34, 0, 48, 53, 33, 20, 90, 46, 81, 13, 50, 21, 61, 45, 2, 54, 28, 22, 51, 24, 7, 72, 38, 91, 70, 15, 31, 25, 23, 30, 97, 63, 49, 9, 87, 27, 74, 8, 82, 56, 89, 1, 32, 84, 57, 92, 11, 86, 66, 88, 95, 29, 62, 65, 68, 67, 37, 80, 64, 19, 4, 79, 35, 16, 85, 41, 98, 43, 36, 60, 99, 42, 17, 71, 47, 6, 39, 58, 55, 10, 77, 76, 18, 75, 59
23, 8, 42, 53, 6, 98, 39, 62, 77, 66, 4, 75, 37, 91, 9, 78, 7, 46, 26, 50, 18, 72, 43, 61, 84, 67, 69, 58, 14, 33, 19, 83, 73, 28, 76, 86, 99, 13, 92, 10, 21, 71, 81, 15, 65, 63, 48, 35, 20, 96, 22, 16, 54, 52, 1, 5, 38, 56, 17, 94, 36, 79, 93, 95, 51, 55, 74, 29, 85, 97, 2, 40, 12, 11, 45, 24, 57, 25, 44, 90, 80, 27, 41, 0, 34, 30, 3, 82, 49, 47, 64, 31, 87, 59, 89, 60, 32, 88, 70, 68
54, 4, 88, 14, 77, 9, 84, 33, 96, 11, 62, 27, 16, 34, 61, 8, 43, 25, 74, 87, 94, 21, 13, 59, 56, 63, 38, 20, 58, 45, 78, 17, 76, 39, 48, 30, 98, 36, 7, 49, 71, 75, 97, 35, 89, 41, 65, 1, 10, 22, 53, 82, 83, 95, 3, 69, 70, 19, 26, 44, 81, 85, 99, 73, 40, 60, 12, 47, 80, 37, 93, 86, 72, 5, 90, 79, 15, 66, 24, 64, 92, 23, 2, 46, 50, 6, 31, 18, 42, 52, 55, 28, 68, 0, 57, 32, 67, 29, 51, 91
80, 81, 64, 78, 6, 70, 8, 56, 74, 0, 91, 21, 73, 13, 76, 30, 26, 97, 53, 88, 75, 93, 60, 83, 58, 54, 92, 87, 55, 46, 45, 47, 99, 36, 84, 25, 39, 40, 48, 20, 96, 89, 43, 33, 29, 2, 10, 57, 11, 98, 65, 5, 68, 77, 22, 59, 72, 86, 67, 35, 9, 34, 27, 31, 18, 41, 63, 12, 71, 90, 28, 15, 95, 42, 44, 50, 62, 82, 19, 14, 4, 7, 61, 17, 49, 3, 85, 69, 52, 32, 24, 51, 37, 66, 1, 38, 16, 23, 79, 94
49, 44, 99, 33, 5, 26, 51, 98, 85, 88, 23, 92, 30, 58, 8, 6, 9, 46, 27, 81, 66, 94, 10, 52, 17, 1, 21, 50, 20, 84, 72, 56, 37, 87, 86, 48, 4, 78, 93, 69, 89, 57, 40, 68, 24, 35, 76, 82, 29, 60, 16, 53, 36, 67, 22, 65, 43, 83, 34, 59, 64, 28, 74, 47, 19, 31, 39, 62, 54, 42, 45, 32, 18, 38, 12, 2, 15, 70, 80, 77, 14, 97, 13, 41, 7, 55, 90, 11, 0, 75, 91, 96, 63, 95, 25, 71, 3, 61, 73, 79
84, 83, 76, 27, 37, 56, 92, 18, 61, 44, 42, 72, 20, 11, 73, 24, 65, 3, 86, 34, 93, 38, 81, 36, 78, 33, 90, 28, 31, 48, 95, 10, 63, 75, 53, 35, 23, 64, 96, 82, 77, 94, 67, 69, 99, 60, 13, 39, 1, 87, 14, 4, 45, 97, 7, 88, 89, 66, 15, 54, 79, 22, 8, 49, 21, 46, 19, 12, 50, 59, 62, 47, 16, 74, 32, 29, 25, 57, 80, 91, 17, 70, 85, 41, 51, 58, 26, 40, 71, 30, 0, 2, 5, 52, 98, 43, 6, 9, 55, 68
38, 27, 88, 84, 65, 14, 32, 4, 49, 93, 62, 48, 46, 44, 39, 18, 98, 31, 73, 78, 29, 55, 61, 57, 22, 20, 7, 5, 43, 19, 92, 72, 96, 83, 64, 36, 76, 15, 91, 45, 28, 23, 9, 34, 37, 41, 10, 47, 79, 30, 56, 82, 60, 90, 51, 40, 21, 13, 26, 85, 2, 63, 94, 17, 75, 97, 54, 25, 1, 67, 89, 68, 50, 42, 11, 53, 16, 33, 12, 69, 81, 8, 70, 86, 58, 35, 0, 24, 6, 87, 77, 52, 71, 66, 74, 80, 95, 3, 99, 59
56, 22, 15, 91, 4, 67, 0, 88, 64, 44, 69, 6, 14, 85, 72, 38, 18, 11, 29, 28, 80, 75, 96, 50, 34, 76, 87, 92, 16, 51, 48, 39, 30, 13, 31, 55, 63, 79, 58, 83, 71, 59, 49, 84, 20, 40, 12, 97, 25, 94, 36, 43, 68, 54, 90, 95, 2, 82, 93, 98, 21, 8, 81, 24, 26, 9, 73, 42, 62, 74, 5, 65, 47, 27, 70, 99, 23, 17, 33, 77, 45, 3, 41, 53, 35, 10, 78, 61, 86, 52, 66, 19, 46, 89, 57, 32, 37, 7, 60, 1
24, 11, 32, 26, 49, 35, 64, 70, 36, 3, 10, 34, 6, 63, 43, 53, 33, 55, 52, 92, 21, 74, 69, 85, 86, 50, 23, 56, 0, 51, 95, 61, 79, 39, 89, 60, 19, 9, 78, 31, 30, 40, 62, 72, 81, 54, 27, 18, 87, 73, 77, 99, 25, 29, 97, 47, 98, 22, 28, 15, 94, 13, 38, 76, 17, 4, 14, 20, 80, 42, 91, 45, 57, 71, 88, 84, 41, 66, 46, 96, 37, 65, 5, 16, 58, 48, 67, 68, 7, 90, 12, 82, 75, 93, 1, 83, 8, 2, 59, 44
93, 29, 27, 48, 49, 92, 51, 80, 88, 17, 64, 25, 35, 38, 7, 15, 40, 97, 32, 89, 76, 62, 75, 28, 95, 44, 72, 68, 54, 78, 69, 14, 21, 23, 98, 43, 46, 74, 65, 70, 31, 42, 3, 57, 60, 30, 81, 4, 10, 85, 50, 53, 20, 71, 83, 45, 94, 56, 22, 77, 11, 13, 86, 59, 16, 87, 6, 84, 99, 47, 19, 82, 73, 91, 8, 96, 36, 0, 55, 12, 18, 39, 90, 9, 41, 79, 52, 37, 5, 26, 67, 63, 24, 66, 33, 1, 34, 61, 2, 58
80, 62, 87, 48, 17, 73, 21, 69, 86, 60, 6, 50, 55, 26, 83, 31, 51, 82, 8, 30, 63, 9, 20, 72, 3, 13, 34, 85, 24, 57, 68, 23, 49, 27, 43, 38, 81, 14, 90, 47, 59, 97, 58, 0, 98, 32, 12, 99, 36, 39, 7, 10, 40, 25, 37, 29, 52, 75, 5, 1, 71, 4, 93, 96, 35, 46, 28, 16, 33, 95, 65, 84, 92, 67, 78, 66, 76, 70, 94, 88, 91, 54, 11, 22, 41, 15, 89, 53, 64, 18, 56, 42, 77, 44, 74, 19, 45, 79, 61, 2
93, 38, 12, 2, 76, 82, 1, 56, 53, 61, 92, 13, 16, 54, 87, 74, 44, 90, 66, 64, 49, 46, 69, 37, 79, 75, 98, 41, 30, 35, 62, 83, 59, 55, 67, 42, 48, 70, 50, 0, 10, 73, 52, 68, 47, 22, 9, 39, 28, 29, 84, 25, 78, 11, 77, 81, 91, 80, 43, 31, 20, 18, 24, 51, 32, 34, 26, 58, 36, 72, 45, 6, 7, 88, 94, 60, 27, 57, 95, 3, 5, 23, 71, 17, 86, 21, 63, 97, 19, 33, 4, 15, 99, 14, 8, 40, 89, 96, 85, 65
46, 87, 96, 27, 43, 64, 14, 56, 75, 15, 38, 94, 52, 42, 74, 69, 24, 76, 53, 9, 17, 49, 7, 2, 6, 77, 35, 67, 29, 30, 93, 50, 22, 18, 78, 98, 48, 37, 99, 72, 71, 51, 33, 59, 86, 73, 62, 55, 54, 91, 45, 26, 21, 20, 1, 32, 47, 92, 11, 40, 57, 31, 70, 95, 79, 65, 28, 39, 23, 3, 8, 25, 10, 36, 44, 88, 82, 58, 85, 97, 89, 80, 4, 63, 19, 41, 83, 84, 16, 0, 90, 5, 12, 34, 68, 66, 81, 13, 61, 60
99, 32, 60, 55, 3, 18, 48, 94, 93, 4, 7, 13, 95, 2, 92, 21, 12, 9, 58, 33, 22, 57, 88, 44, 91, 51, 63, 66, 75, 87, 52, 71, 39, 10, 38, 97, 83, 40, 29, 79, 14, 77, 36, 20, 96, 42, 6, 69, 67, 24, 90, 28, 34, 59, 74, 25, 31, 70, 76, 26, 8, 64, 30, 62, 49, 27, 53, 84, 73, 1, 0, 16, 65, 72, 35, 37, 85, 45, 15, 17, 5, 50, 46, 11, 47, 98, 80, 78, 56, 68, 41, 61, 89, 82, 81, 86, 54, 23, 43, 19
50, 69, 55, 94, 29, 64, 66, 35, 88, 87, 78, 60, 17, 12, 8, 51, 75, 21, 28, 71, 91, 16, 96, 92, 80, 27, 41, 49, 79, 63, 23, 24, 97, 95, 47, 2, 82, 76, 98, 20, 70, 46, 38, 15, 42, 30, 52, 11, 81, 99, 18, 4, 93, 56, 53, 22, 13, 68, 5, 25, 44, 65, 90, 37, 48, 7, 54, 43, 72, 45, 26, 31, 58, 14, 34, 84, 73, 83, 0, 62, 89, 77, 19, 40, 36, 85, 1, 57, 74, 61, 9, 59, 10, 3, 39, 67, 6, 32, 33, 86
17, 55, 76, 43, 61, 41, 59, 34, 20, 33, 31, 94, 67, 47, 70, 66, 49, 12, 77, 24, 73, 99, 91, 39, 54, 45, 19, 21, 56, 52, 88, 11, 86, 10, 26, 84, 0, 9, 87, 68, 14, 92, 53, 40, 71, 74, 57, 89, 1, 28, 79, 69, 23, 81, 93, 82, 7, 32, 63, 35, 50, 46, 51, 29, 27, 3, 22, 95, 78, 5, 36, 15, 30, 64, 65, 8, 37, 44, 42, 58, 6, 16, 48, 25, 97, 80, 98, 4, 96, 62, 38, 75, 18, 83, 13, 2, 60, 85, 90, 72
65, 14, 61, 0, 90, 76, 6, 48, 19, 50, 85, 82, 80, 45, 20, 95, 89, 94, 11, 93, 30, 5, 87, 40, 84, 51, 9, 74, 43, 78, 4, 68, 97, 77, 24, 63, 36, 47, 57, 88, 37, 15, 62, 92, 73, 59, 39, 79, 44, 75, 56, 27, 46, 28, 70, 22, 86, 64, 1, 3, 34, 38, 18, 26, 67, 2, 8, 60, 21, 25, 69, 29, 16, 10, 54, 41, 35, 72, 32, 17, 31, 49, 91, 23, 71, 33, 12, 83, 13, 58, 66, 81, 99, 7, 52, 42, 53, 98, 96, 55
34, 72, 42, 33, 70, 96, 50, 78, 40, 44, 3, 90, 5, 20, 46, 24, 69, 11, 2, 55, 60, 65, 37, 51, 16, 19, 41, 68, 88, 98, 74, 75, 49, 47, 13, 23, 67, 52, 58, 39, 61, 77, 84, 30, 85, 83, 54, 9, 14, 18, 91, 6, 57, 15, 25, 86, 82, 79, 29, 21, 7, 10, 94, 92, 1, 63, 45, 73, 48, 32, 31, 22, 99, 4, 87, 93, 76, 27, 81, 56, 35, 95, 66, 64, 89, 59, 8, 0, 36, 80, 62, 12, 43, 53, 97, 38, 28, 26, 71, 17
14, 41, 22, 47, 0, 93, 81, 83, 2, 13, 30, 84, 87, 25, 92, 9, 76, 6, 23, 72, 19, 66, 82, 95, 34, 42, 55, 61, 80, 49, 39, 77, 58, 99, 75, 3, 44, 89, 40, 36, 64, 78, 8, 52, 69, 67, 85, 48, 53, 31, 1, 38, 10, 15, 27, 20, 70, 43, 46, 12, 59, 51, 17, 5, 24, 7, 71, 73, 65, 98, 68, 18, 56, 4, 37, 16, 62, 96, 54, 86, 94, 63, 90, 21, 50, 60, 57, 11, 28, 97, 32, 29, 26, 79, 45, 88, 91, 35, 74, 33
24, 85, 8, 54, 16, 0, 15, 46, 45, 11, 98, 5, 89, 39, 88, 97, 32, 55, 62, 38, 53, 72, 57, 20, 90, 7, 81, 14, 66, 96, 92, 91, 51, 73, 64, 47, 49, 40, 41, 3, 30, 18, 75, 19, 28, 12, 37, 83, 50, 33, 79, 94, 48, 35, 27, 63, 6, 74, 44, 9, 52, 10, 93, 36, 17, 95, 4, 43, 58, 13, 71, 31, 87, 68, 69, 1, 82, 34, 65, 23, 70, 80, 26, 2, 56, 61, 60, 99, 42, 78, 76, 59, 29, 84, 21, 77, 86, 22, 25, 67
48, 99, 54, 3, 11, 32, 15, 92, 10, 28, 52, 2, 76, 80, 44, 27, 95, 73, 84, 62, 31, 30, 93, 60, 43, 40, 38, 20, 91, 47, 45, 86, 49, 29, 18, 96, 41, 83, 26, 35, 65, 68, 57, 42, 22, 97, 61, 74, 55, 36, 98, 66, 9, 14, 6, 46, 89, 13, 88, 85, 77, 71, 94, 16, 78, 23, 90, 87, 17, 7, 25, 21, 39, 70, 63, 67, 53, 34, 64, 79, 0, 75, 56, 12, 37, 4, 50, 51, 82, 24, 59, 5, 58, 81, 8, 69, 72, 33, 1, 19
32, 8, 42, 7, 55, 51, 12, 34, 71, 65, 36, 84, 60, 82, 52, 49, 88, 59, 83, 74, 15, 18, 76, 45, 48, 29, 41, 94, 16, 23, 63, 47, 0, 54, 28, 91, 10, 98, 1, 20, 2, 40, 97, 14, 70, 19, 86, 9, 68, 21, 5, 50, 38, 43, 77, 66, 69, 61, 75, 33, 57, 67, 78, 58, 39, 64, 24, 56, 99, 92, 25, 44, 90, 87, 73, 30, 89, 46, 79, 11, 26, 80, 35, 85, 96, 95, 3, 81, 17, 72, 27, 31, 4, 37, 22, 13, 53, 6, 62, 93
98, 89, 12, 83, 24, 74, 60, 80, 40, 85, 37, 39, 4, 64, 99, 70, 76, 73, 54, 16, 78, 30, 2, 46, 33, 44, 32, 57, 67, 58, 31, 93, 62, 59, 55, 82, 42, 21, 52, 10, 84, 63, 71, 18, 88, 6, 75, 45, 90, 97, 3, 61, 69, 15, 51, 91, 50, 5, 79, 29, 72, 35, 1, 41, 11, 68, 26, 66, 48, 22, 34, 0, 23, 17, 25, 95, 14, 7, 96, 49, 19, 87, 9, 92, 43, 28, 20, 53, 13, 77, 94, 36, 56, 81, 65, 8, 38, 27, 47, 86
32, 24, 39, 28, 31, 46, 60, 8, 47, 64, 94, 16, 23, 13, 43, 90, 44, 58, 83, 54, 69, 19, 97, 3, 0, 81, 42, 62, 59, 50, 88, 65, 56, 86, 35, 66, 67, 6, 11, 71, 73, 85, 20, 93, 98, 38, 2, 51, 4, 34, 57, 7, 25, 36, 53, 87, 95, 26, 91, 84, 74, 29, 45, 55, 92, 79, 9, 52, 82, 89, 99, 68, 63, 21, 33, 96, 15, 22, 75, 14, 70, 80, 48, 78, 10, 27, 18, 72, 77, 40, 41, 61, 17, 37, 5, 49, 76, 30, 1, 12
27, 70, 23, 12, 31, 55, 60, 86, 42, 22, 75, 34, 50, 43, 97, 17, 89, 58, 28, 16, 54, 48, 71, 85, 76, 39, 26, 45, 37, 7, 24, 20, 32, 74, 79, 1, 18, 78, 67, 93, 81, 0, 29, 92, 15, 61, 40, 53, 46, 95, 63, 41, 98, 96, 30, 73, 59, 19, 8, 3, 62, 25, 4, 33, 69, 84, 6, 99, 11, 72, 83, 51, 44, 47, 56, 13, 38, 57, 65, 52, 94, 14, 66, 77, 64, 90, 21, 9, 91, 49, 87, 5, 36, 2, 10, 80, 82, 88, 68, 35
55, 17, 61, 9, 54, 29, 7, 5, 96, 33, 23, 37, 74, 73, 60, 67, 91, 80, 94, 4, 76, 20, 59, 66, 30, 78, 22, 14, 38, 32, 2, 88, 39, 51, 0, 44, 71, 21, 84, 25, 92, 42, 19, 48, 62, 36, 87, 89, 6, 68, 13, 40, 35, 12, 70, 10, 58, 64, 16, 52, 46, 50, 75, 56, 43, 69, 99, 28, 79, 15, 49, 83, 18, 86, 85, 81, 53, 24, 11, 34, 93, 26, 98, 72, 1, 82, 77, 31, 97, 57, 27, 41, 3, 63, 8, 95, 90, 65, 47, 45
63, 11, 42, 18, 4, 75, 28, 64, 17, 29, 89, 33, 15, 93, 62, 99, 30, 68, 40, 7, 45, 95, 46, 90, 73, 84, 23, 91, 1, 77, 87, 26, 9, 41, 49, 52, 0, 44, 60, 39, 36, 37, 88, 72, 14, 74, 98, 48, 58, 2, 12, 21, 38, 79, 57, 13, 24, 85, 31, 81, 86, 65, 53, 76, 55, 5, 16, 27, 22, 6, 19, 56, 50, 47, 51, 96, 61, 82, 70, 20, 43, 3, 67, 8, 10, 34, 83, 25, 54, 35, 59, 71, 78, 69, 32, 97, 66, 94, 80, 92
0, 10, 50, 94, 9, 35, 47, 87, 39, 5, 73, 99, 75, 31, 60, 74, 44, 68, 15, 12, 11, 55, 72, 67, 96, 46, 24, 62, 33, 42, 77, 28, 53, 83, 65, 84, 92, 64, 86, 61, 91, 82, 16, 17, 41, 14, 45, 34, 78, 98, 90, 30, 8, 29, 66, 52, 54, 88, 13, 57, 32, 51, 43, 71, 21, 22, 95, 97, 1, 79, 37, 59, 19, 69, 7, 4, 2, 23, 25, 89, 63, 80, 85, 3, 48, 18, 81, 26, 70, 93, 40, 20, 58, 56, 76, 49, 36, 6, 38, 27
53, 75, 95, 87, 23, 25, 38, 98, 58, 44, 56, 45, 89, 88, 48, 82, 60, 13, 91, 49, 18, 70, 72, 79, 35, 69, 96, 94, 15, 12, 73, 62, 76, 1, 86, 36, 93, 85, 77, 52, 67, 64, 40, 66, 3, 14, 17, 54, 68, 81, 61, 27, 71, 39, 30, 26, 65, 37, 24, 16, 6, 78, 92, 29, 5, 42, 31, 32, 51, 9, 8, 41, 80, 28, 19, 33, 21, 57, 74, 84, 10, 59, 97, 20, 63, 22, 2, 7, 47, 90, 55, 11, 34, 0, 50, 46, 83, 43, 99, 4
12, 34, 54, 93, 49, 44, 84, 61, 8, 47, 23, 10, 97, 95, 41, 72, 5, 48, 43, 1, 98, 38, 32, 55, 28, 35, 22, 18, 24, 20, 99, 75, 59, 36, 11, 27, 42, 6, 87, 53, 64, 68, 71, 67, 73, 45, 85, 26, 58, 50, 79, 89, 80, 13, 37, 46, 91, 30, 57, 74, 70, 40, 60, 17, 63, 76, 39, 94, 21, 66, 82, 3, 25, 15, 88, 62, 78, 14, 81, 52, 19, 29, 51, 31, 2, 65, 7, 69, 96, 0, 16, 56, 9, 92, 90, 86, 4, 77, 83, 33
63, 70, 19, 66, 1, 40, 84, 45, 11, 25, 67, 15, 71, 87, 68, 7, 52, 57, 48, 23, 98, 47, 58, 22, 16, 29, 86, 9, 35, 34, 74, 46, 73, 64, 85, 99, 5, 12, 53, 4, 44, 96, 43, 92, 8, 27, 37, 78, 38, 81, 26, 18, 91, 82, 39, 61, 75, 49, 88, 50, 69, 41, 20, 28, 94, 97, 76, 65, 24, 36, 33, 17, 80, 31, 10, 77, 54, 93, 2, 55, 3, 83, 13, 30, 51, 14, 6, 72, 62, 0, 59, 32, 42, 79, 95, 90, 89, 60, 21, 56
99, 98, 22, 48, 64, 14, 46, 67, 62, 92, 2, 56, 80, 29, 59, 61, 19, 7, 83, 90, 23, 4, 20, 78, 73, 81, 17, 97, 31, 65, 38, 45, 15, 94, 10, 88, 85, 34, 3, 96, 18, 40, 60, 16, 52, 54, 95, 51, 82, 6, 76, 35, 1, 39, 69, 53, 24, 50, 33, 42, 43, 77, 55, 21, 8, 9, 5, 57, 25, 75, 26, 37, 0, 27, 84, 91, 79, 89, 44, 58, 47, 87, 11, 32, 86, 74, 66, 41, 30, 28, 70, 68, 63, 12, 13, 72, 49, 36, 93, 71
69, 75, 95, 19, 54, 73, 17, 39, 21, 24, 42, 10, 85, 78, 67, 86, 63, 59, 99, 1, 32, 30, 56, 58, 36, 18, 45, 64, 11, 41, 91, 89, 82, 53, 52, 81, 7, 0, 49, 98, 87, 92, 90, 88, 47, 23, 50, 40, 74, 25, 62, 29, 72, 61, 76, 83, 80, 43, 6, 2, 79, 93, 51, 5, 48, 13, 46, 22, 26, 65, 15, 35, 31, 60, 20, 27, 3, 33, 38, 8, 68, 97, 96, 28, 9, 12, 77, 84, 4, 57, 34, 71, 70, 37, 55, 14, 94, 66, 16, 44
88, 55, 22, 44, 47, 27, 39, 99, 54, 82, 33, 65, 46, 50, 16, 51, 66, 18, 12, 87, 74, 75, 97, 5, 14, 91, 20, 71, 23, 85, 10, 59, 92, 78, 89, 60, 11, 96, 52, 63, 7, 49, 26, 31, 42, 84, 13, 19, 32, 4, 36, 81, 30, 73, 28, 43, 79, 77, 45, 25, 56, 0, 24, 95, 15, 2, 93, 80, 90, 38, 69, 3, 1, 48, 41, 29, 72, 76, 86, 6, 8, 67, 64, 98, 53, 70, 68, 34, 37, 58, 35, 94, 21, 62, 40, 17, 9, 83, 61, 57
52, 87, 14, 49, 0, 98, 65, 62, 10, 8, 22, 60, 93, 19, 78, 83, 82, 56, 26, 99, 91, 34, 86, 89, 1, 57, 58, 23, 63, 81, 7, 28, 35, 3, 96, 54, 94, 72, 70, 50, 85, 69, 29, 40, 25, 80, 67, 5, 41, 48, 97, 51, 45, 13, 43, 17, 2, 53, 68, 90, 4, 55, 21, 11, 18, 42, 12, 95, 92, 20, 64, 27, 33, 36, 44, 88, 76, 71, 37, 38, 15, 77, 61, 9, 30, 46, 39, 73, 16, 47, 66, 79, 84, 24, 74, 75, 6, 32, 31, 59
53, 92, 3, 64, 51, 7, 73, 60, 1, 6, 25, 22, 42, 58, 95, 5, 67, 81, 77, 39, 48, 99, 61, 93, 97, 41, 87, 10, 8, 26, 98, 14, 46, 89, 76, 78, 72, 4, 35, 56, 49, 43, 19, 13, 33, 36, 31, 11, 86, 29, 45, 18, 90, 20, 74, 21, 96, 54, 75, 55, 47, 80, 16, 12, 70, 50, 24, 59, 94, 0, 83, 52, 2, 62, 28, 15, 37, 66, 23, 38, 44, 82, 30, 57, 69, 79, 9, 40, 85, 32, 68, 91, 27, 71, 65, 17, 63, 88, 34, 84
93, 65, 22, 49, 20, 21, 71, 55, 34, 5, 56, 83, 78, 75, 28, 77, 32, 59, 1, 15, 35, 33, 6, 0, 67, 97, 29, 81, 92, 31, 38, 3, 18, 13, 64, 96, 27, 91, 24, 42, 88, 46, 8, 73, 62, 39, 11, 14, 50, 7, 86, 10, 23, 60, 16, 99, 57, 37, 48, 68, 25, 63, 66, 61, 82, 54, 36, 26, 98, 80, 43, 70, 79, 51, 74, 17, 52, 87, 30, 69, 45, 58, 47, 95, 41, 76, 72, 4, 89, 84, 40, 2, 90, 19, 53, 85, 94, 12, 9, 44
71, 52, 32, 84, 23, 98, 3, 42, 72, 53, 21, 4, 29, 63, 45, 41, 15, 61, 46, 44, 74, 51, 18, 67, 88, 39, 25, 22, 28, 66, 33, 79, 99, 19, 26, 86, 56, 30, 60, 57, 97, 43, 13, 93, 62, 49, 9, 2, 73, 65, 54, 91, 12, 92, 35, 50, 96, 48, 17, 64, 59, 55, 16, 40, 89, 38, 47, 75, 7, 10, 36, 1, 94, 81, 82, 14, 77, 68, 34, 78, 87, 76, 80, 58, 69, 31, 20, 95, 27, 85, 70, 11, 37, 6, 8, 24, 5, 83, 0, 90
81, 43, 20, 99, 19, 45, 41, 83, 14, 9, 40, 50, 25, 29, 54, 64, 1, 59, 21, 57, 33, 11, 73, 91, 94, 85, 87, 95, 75, 8, 97, 13, 17, 65, 5, 7, 42, 82, 34, 71, 78, 79, 26, 28, 61, 31, 66, 68, 62, 39, 15, 96, 44, 84, 37, 77, 18, 63, 69, 67, 52, 72, 58, 47, 53, 46, 2, 23, 24, 16, 6, 80, 70, 30, 27, 32, 60, 88, 55, 4, 56, 22, 12, 98, 3, 51, 76, 90, 89, 0, 86, 92, 93, 48, 38, 49, 36, 35, 10, 74
61, 81, 19, 48, 86, 0, 24, 90, 54, 95, 55, 87, 58, 30, 50, 9, 3, 75, 31, 62, 40, 41, 35, 89, 11, 91, 42, 65, 46, 71, 96, 97, 51, 28, 79, 23, 34, 83, 32, 77, 92, 16, 84, 36, 74, 22, 17, 7, 76, 64, 88, 72, 37, 5, 56, 45, 69, 14, 1, 98, 2, 67, 10, 53, 21, 66, 39, 93, 33, 18, 13, 73, 20, 99, 85, 44, 63, 15, 68, 59, 70, 26, 6, 4, 60, 82, 49, 12, 52, 38, 78, 94, 57, 29, 8, 47, 80, 27, 25, 43
77, 59, 99, 70, 26, 53, 8, 72, 17, 22, 2, 57, 46, 43, 24, 80, 23, 64, 66, 55, 37, 71, 51, 87, 97, 63, 60, 49, 18, 3, 12, 30, 5, 88, 25, 36, 34, 13, 67, 82, 58, 95, 62, 42, 50, 32, 0, 90, 39, 68, 45, 19, 21, 14, 85, 94, 38, 56, 73, 20, 65, 96, 7, 40, 91, 4, 27, 9, 69, 10, 89, 92, 86, 44, 84, 98, 31, 6, 79, 35, 83, 16, 29, 61, 76, 74, 47, 41, 11, 1, 28, 93, 33, 78, 81, 52, 75, 54, 48, 15
38, 6, 86, 32, 21, 75, 78, 58, 48, 81, 90, 67, 17, 25, 85, 31, 10, 50, 43, 4, 53, 2, 55, 62, 37, 60, 97, 18, 7, 3, 73, 64, 5, 28, 69, 89, 70, 98, 47, 49, 22, 99, 41, 23, 35, 27, 65, 12, 39, 46, 20, 57, 19, 92, 26, 13, 80, 44, 87, 14, 63, 29, 77, 36, 40, 9, 15, 52, 30, 72, 82, 0, 51, 61, 24, 79, 68, 1, 76, 33, 88, 34, 66, 45, 96, 94, 93, 8, 83, 42, 16, 84, 11, 59, 56, 74, 95, 71, 54, 91
50, 44, 12, 21, 67, 47, 88, 46, 53, 96, 72, 80, 35, 48, 30, 55, 9, 18, 94, 4, 19, 64, 39, 71, 13, 60, 58, 22, 69, 73, 70, 31, 1, 7, 57, 77, 41, 33, 61, 83, 62, 42, 63, 56, 10, 37, 20, 68, 34, 95, 26, 65, 0, 75, 51, 25, 52, 43, 90, 84, 23, 79, 36, 59, 6, 38, 11, 40, 74, 92, 87, 91, 5, 86, 85, 97, 14, 8, 3, 32, 89, 17, 24, 99, 82, 93, 16, 28, 29, 81, 76, 78, 27, 49, 45, 98, 66, 2, 54, 15
61, 77, 15, 2, 73, 98, 76, 34, 64, 36, 39, 37, 25, 22, 38, 58, 80, 47, 26, 11, 88, 97, 71, 79, 84, 3, 94, 40, 41, 28, 16, 95, 1, 69, 82, 74, 78, 65, 24, 14, 23, 52, 57, 70, 96, 27, 30, 45, 46, 18, 67, 68, 0, 43, 60, 33, 31, 35, 53, 56, 50, 93, 7, 90, 59, 48, 8, 20, 21, 83, 12, 44, 86, 92, 4, 5, 6, 32, 99, 13, 55, 29, 51, 62, 10, 87, 81, 89, 66, 63, 91, 85, 17, 9, 42, 54, 75, 72, 19, 49
65, 1, 24, 98, 96, 31, 69, 94, 19, 17, 12, 28, 37, 55, 77, 52, 53, 66, 0, 32, 10, 58, 56, 61, 22, 57, 30, 59, 47, 45, 46, 11, 40, 42, 48, 29, 6, 63, 3, 76, 90, 92, 82, 8, 44, 78, 18, 50, 84, 73, 7, 51, 9, 68, 4, 39, 16, 70, 23, 5, 83, 81, 25, 80, 71, 87, 79, 38, 15, 14, 27, 86, 62, 95, 93, 89, 35, 41, 49, 21, 97, 33, 88, 64, 2, 74, 72, 54, 75, 91, 43, 60, 67, 13, 34, 99, 26, 20, 36, 85
98, 71, 75, 13, 90, 8, 61, 56, 93, 60, 10, 96, 74, 78, 23, 46, 65, 3, 89, 22, 85, 40, 30, 53, 15, 14, 36, 66, 1, 94, 83, 72, 2, 73, 76, 45, 26, 17, 87, 97, 79, 48, 88, 82, 63, 50, 0, 31, 91, 80, 77, 67, 99, 81, 34, 84, 49, 16, 52, 64, 54, 44, 38, 4, 11, 58, 18, 51, 9, 5, 57, 32, 35, 55, 41, 43, 28, 42, 20, 6, 25, 95, 29, 86, 27, 7, 19, 39, 47, 24, 70, 37, 33, 92, 59, 21, 68, 69, 62, 12
65, 42, 36, 91, 90, 11, 68, 3, 22, 64, 43, 29, 88, 41, 51, 73, 74, 77, 98, 25, 16, 1, 54, 94, 48, 46, 52, 57, 44, 99, 82, 38, 12, 6, 66, 45, 2, 89, 31, 69, 9, 70, 35, 56, 30, 28, 59, 80, 97, 26, 4, 81, 84, 72, 60, 8, 93, 71, 85, 10, 47, 40, 21, 49, 23, 87, 37, 32, 58, 15, 0, 75, 96, 50, 95, 33, 24, 27, 17, 79, 53, 62, 78, 63, 67, 61, 14, 55, 5, 86, 83, 19, 39, 92, 76, 20, 34, 18, 7, 13
80, 87, 16, 69, 92, 24, 8, 91, 85, 41, 44, 39, 56, 64, 38, 21, 98, 83, 9, 7, 30, 89, 25, 53, 76, 60, 88, 48, 94, 73, 90, 37, 32, 12, 34, 31, 58, 54, 13, 1, 63, 2, 36, 81, 22, 45, 67, 43, 97, 55, 74, 6, 28, 18, 79, 29, 19, 3, 23, 70, 11, 82, 84, 46, 72, 57, 17, 40, 77, 47, 96, 65, 95, 4, 35, 51, 50, 27, 68, 71, 59, 15, 20, 62, 93, 99, 33, 0, 78, 75, 42, 26, 14, 49, 10, 66, 52, 86, 61, 5
44, 88, 56, 63, 38, 93, 37, 59, 11, 81, 78, 73, 18, 41, 57, 62, 80, 10, 86, 43, 67, 8, 69, 24, 36, 46, 16, 54, 2, 42, 39, 50, 25, 72, 82, 94, 68, 76, 9, 26, 19, 14, 48, 7, 47, 55, 85, 58, 4, 29, 97, 21, 52, 90, 0, 45, 53, 35, 83, 87, 28, 15, 89, 79, 30, 98, 34, 23, 22, 20, 40, 6, 61, 71, 27, 84, 12, 75, 96, 5, 64, 77, 65, 95, 33, 74, 1, 99, 49, 66, 60, 32, 3, 91, 17, 51, 70, 92, 31, 13
79, 90, 5, 25, 1, 22, 36, 43, 84, 99, 48, 51, 2, 75, 4, 66, 81, 88, 53, 28, 87, 26, 71, 16, 41, 30, 3, 68, 62, 91, 44, 94, 95, 89, 24, 35, 86, 58, 65, 29, 33, 85, 0, 18, 14, 54, 60, 55, 83, 77, 9, 78, 39, 63, 6, 92, 37, 47, 73, 50, 38, 72, 40, 11, 19, 34, 67, 12, 74, 21, 59, 32, 76, 61, 96, 97, 93, 15, 27, 42, 57, 10, 52, 13, 56, 23, 70, 17, 31, 82, 49, 80, 98, 69, 46, 7, 64, 20, 8, 45
34, 12, 77, 64, 80, 25, 83, 50, 0, 81, 4, 97, 21, 91, 52, 75, 76, 84, 45, 82, 29, 92, 6, 65, 42, 46, 20, 24, 1, 28, 11, 13, 55, 16, 68, 7, 86, 99, 51, 74, 72, 56, 61, 30, 88, 35, 26, 2, 37, 38, 85, 70, 57, 49, 62, 69, 60, 59, 36, 87, 71, 94, 96, 17, 47, 44, 95, 15, 10, 9, 40, 33, 19, 93, 23, 54, 48, 18, 90, 66, 73, 8, 43, 53, 14, 31, 98, 41, 79, 39, 32, 3, 89, 22, 63, 67, 78, 58, 5, 27
33, 55, 85, 91, 36, 50, 66, 42, 58, 35, 32, 54, 40, 74, 5, 26, 28, 83, 73, 31, 90, 23, 89, 53, 43, 78, 61, 72, 96, 22, 6, 48, 4, 92, 0, 57, 13, 19, 98, 8, 86, 12, 44, 80, 20, 7, 1, 49, 69, 41, 56, 47, 79, 34, 63, 65, 82, 15, 37, 52, 46, 97, 9, 25, 77, 94, 75, 76, 59, 3, 17, 2, 18, 70, 67, 30, 45, 51, 71, 14, 88, 11, 39, 10, 87, 68, 21, 16, 95, 62, 99, 81, 29, 64, 38, 84, 60, 27, 24, 93
47, 60, 20, 0, 63, 93, 69, 8, 17, 21, 87, 95, 76, 26, 16, 34, 11, 64, 73, 55, 98, 30, 54, 9, 84, 15, 13, 36, 61, 22, 53, 57, 2, 82, 48, 96, 67, 18, 68, 81, 88, 40, 1, 75, 50, 37, 92, 70, 49, 44, 24, 38, 74, 3, 4, 27, 29, 59, 31, 71, 99, 91, 7, 80, 94, 19, 65, 79, 41, 97, 42, 28, 45, 32, 39, 85, 46, 86, 89, 52, 58, 51, 6, 12, 66, 83, 10, 56, 33, 62, 14, 90, 23, 5, 77, 25, 35, 43, 78, 72
39, 44, 1, 8, 37, 38, 55, 13, 84, 89, 72, 26, 29, 0, 40, 59, 34, 19, 53, 25, 6, 93, 35, 92, 85, 71, 12, 77, 28, 62, 79, 98, 7, 23, 51, 32, 90, 69, 81, 31, 22, 64, 14, 10, 42, 74, 2, 49, 68, 95, 11, 52, 97, 27, 82, 4, 70, 45, 83, 48, 61, 73, 86, 57, 5, 16, 41, 65, 87, 33, 24, 67, 18, 54, 78, 9, 50, 99, 20, 63, 43, 3, 30, 66, 60, 88, 80, 94, 21, 46, 91, 96, 58, 47, 36, 15, 75, 17, 56, 76
69, 46, 71, 50, 64, 30, 42, 25, 90, 93, 27, 49, 40, 70, 43, 88, 39, 80, 81, 89, 14, 37, 63, 36, 72, 4, 8, 12, 33, 91, 74, 11, 35, 21, 51, 95, 13, 38, 1, 9, 24, 57, 20, 45, 87, 85, 99, 62, 29, 3, 55, 98, 60, 47, 65, 0, 34, 75, 15, 17, 31, 52, 41, 44, 7, 5, 86, 78, 26, 84, 94, 92, 58, 73, 10, 28, 83, 16, 82, 79, 48, 97, 2, 18, 76, 66, 32, 77, 67, 61, 96, 53, 23, 59, 22, 56, 68, 6, 54, 19
73, 56, 72, 19, 33, 0, 47, 93, 53, 21, 27, 18, 26, 91, 70, 6, 52, 29, 20, 34, 68, 77, 92, 98, 28, 78, 84, 60, 55, 71, 41, 67, 49, 39, 9, 24, 80, 38, 40, 87, 25, 94, 17, 15, 14, 2, 51, 30, 63, 13, 95, 57, 3, 1, 69, 75, 65, 83, 61, 12, 50, 97, 37, 62, 16, 99, 44, 79, 85, 48, 43, 45, 11, 66, 32, 4, 8, 82, 42, 58, 81, 36, 59, 7, 86, 35, 10, 46, 90, 74, 89, 5, 31, 22, 76, 64, 54, 88, 23, 96
92, 53, 1, 35, 31, 27, 62, 4, 18, 20, 66, 74, 56, 67, 3, 90, 37, 97, 23, 72, 91, 44, 9, 83, 82, 22, 46, 51, 26, 77, 33, 47, 15, 73, 61, 79, 42, 43, 49, 16, 98, 8, 65, 68, 69, 34, 5, 30, 40, 24, 58, 64, 28, 94, 81, 59, 12, 17, 87, 71, 84, 57, 99, 0, 86, 96, 7, 41, 52, 6, 25, 89, 60, 95, 21, 50, 38, 75, 88, 19, 93, 13, 78, 55, 45, 32, 70, 11, 63, 80, 54, 39, 48, 10, 29, 36, 14, 2, 76, 85
12, 52, 63, 87, 43, 19, 18, 98, 65, 31, 61, 13, 38, 7, 41, 37, 83, 91, 10, 66, 94, 3, 24, 82, 22, 95, 23, 11, 67, 29, 81, 14, 68, 21, 96, 48, 88, 45, 92, 8, 56, 32, 9, 44, 35, 16, 76, 72, 54, 46, 42, 28, 6, 70, 59, 33, 27, 50, 51, 89, 64, 53, 17, 78, 79, 30, 80, 99, 85, 47, 25, 69, 36, 86, 5, 40, 55, 71, 97, 84, 34, 57, 0, 4, 26, 74, 90, 39, 93, 77, 49, 20, 62, 1, 2, 15, 73, 75, 58, 60
34, 26, 18, 88, 19, 50, 65, 89, 51, 37, 38, 66, 86, 24, 42, 4, 35, 47, 96, 62, 10, 68, 20, 87, 90, 95, 83, 58, 2, 32, 48, 73, 30, 57, 67, 27, 99, 15, 93, 17, 3, 31, 5, 41, 28, 54, 63, 33, 75, 72, 16, 21, 53, 52, 39, 98, 81, 94, 60, 55, 79, 23, 76, 43, 46, 13, 78, 7, 97, 49, 36, 9, 0, 74, 29, 44, 92, 85, 25, 91, 8, 64, 71, 11, 6, 82, 77, 14, 1, 70, 56, 69, 84, 80, 22, 12, 59, 45, 40, 61
93, 51, 2, 68, 36, 92, 6, 72, 7, 57, 29, 0, 44, 65, 61, 67, 14, 25, 73, 38, 24, 71, 19, 35, 87, 27, 40, 94, 21, 98, 97, 10, 80, 45, 78, 54, 85, 55, 60, 66, 9, 26, 33, 50, 43, 52, 15, 64, 42, 76, 4, 46, 47, 39, 34, 75, 1, 8, 30, 49, 89, 99, 83, 88, 28, 41, 37, 90, 91, 11, 16, 95, 3, 12, 22, 84, 13, 82, 59, 23, 74, 69, 79, 77, 53, 18, 62, 81, 86, 56, 48, 17, 63, 31, 70, 5, 96, 58, 20, 32
60, 83, 26, 87, 70, 66, 89, 31, 45, 65, 76, 79, 25, 6, 91, 7, 23, 95, 63, 17, 32, 52, 99, 4, 38, 20, 18, 42, 1, 80, 71, 97, 77, 29, 41, 34, 93, 33, 3, 28, 81, 85, 14, 10, 0, 75, 39, 12, 27, 40, 90, 30, 84, 44, 37, 21, 16, 8, 73, 49, 51, 48, 69, 59, 82, 13, 2, 72, 9, 88, 57, 98, 35, 92, 47, 62, 74, 58, 24, 19, 5, 46, 96, 50, 78, 64, 53, 11, 61, 15, 86, 36, 54, 22, 67, 68, 56, 55, 43, 94
74, 84, 41, 20, 73, 47, 94, 96, 46, 13, 44, 16, 56, 0, 80, 59, 69, 70, 55, 42, 35, 89, 63, 71, 93, 50, 3, 57, 25, 77, 92, 26, 65, 95, 79, 52, 6, 30, 87, 54, 90, 27, 18, 81, 51, 75, 67, 39, 43, 5, 62, 98, 83, 24, 53, 60, 48, 97, 17, 11, 36, 34, 4, 29, 8, 49, 61, 38, 45, 28, 22, 31, 68, 33, 86, 12, 40, 76, 15, 23, 19, 82, 72, 32, 78, 14, 66, 1, 21, 91, 64, 10, 37, 85, 58, 7, 9, 2, 88, 99
61, 82, 3, 74, 12, 32, 48, 8, 62, 90, 34, 49, 50, 24, 36, 10, 57, 21, 25, 40, 93, 19, 89, 26, 58, 6, 98, 51, 30, 17, 71, 86, 78, 45, 72, 53, 80, 52, 37, 83, 0, 99, 38, 16, 73, 68, 69, 39, 64, 7, 67, 9, 56, 66, 87, 59, 75, 43, 54, 15, 20, 31, 13, 46, 11, 81, 63, 28, 18, 95, 5, 47, 70, 2, 55, 88, 77, 97, 92, 79, 76, 42, 65, 35, 23, 27, 14, 33, 84, 60, 29, 1, 94, 91, 85, 41, 96, 4, 22, 44
14, 49, 26, 78, 63, 29, 32, 12, 65, 56, 69, 17, 70, 57, 31, 47, 20, 75, 43, 42, 38, 35, 16, 41, 84, 25, 11, 5, 92, 66, 85, 91, 15, 95, 60, 98, 68, 51, 79, 99, 13, 74, 10, 71, 59, 81, 62, 3, 82, 8, 1, 88, 23, 37, 36, 96, 90, 80, 40, 61, 28, 22, 2, 39, 4, 24, 86, 87, 44, 52, 48, 76, 19, 45, 67, 0, 97, 83, 46, 27, 77, 73, 30, 33, 18, 72, 58, 53, 55, 6, 89, 7, 21, 34, 94, 93, 50, 9, 54, 64
76, 30, 19, 38, 49, 9, 23, 40, 59, 2, 74, 57, 88, 15, 93, 89, 41, 37, 48, 5, 11, 95, 53, 36, 18, 45, 28, 16, 13, 78, 33, 26, 3, 67, 62, 72, 82, 27, 85, 90, 70, 24, 50, 44, 71, 80, 39, 25, 43, 0, 14, 91, 35, 68, 77, 60, 63, 10, 1, 66, 64, 58, 61, 51, 22, 32, 79, 98, 34, 7, 52, 55, 73, 84, 75, 54, 31, 8, 92, 46, 97, 17, 21, 20, 12, 29, 65, 4, 86, 56, 47, 96, 81, 94, 87, 99, 69, 83, 42, 6
79, 31, 78, 59, 64, 71, 1, 54, 74, 39, 5, 3, 36, 28, 96, 99, 24, 91, 4, 61, 26, 40, 30, 13, 85, 19, 88, 83, 14, 94, 11, 51, 21, 75, 15, 17, 18, 63, 20, 70, 55, 46, 89, 12, 80, 68, 82, 87, 16, 25, 48, 47, 9, 98, 57, 53, 45, 50, 43, 7, 6, 35, 56, 90, 67, 10, 2, 23, 66, 77, 76, 34, 22, 73, 8, 27, 38, 69, 37, 60, 95, 81, 52, 29, 72, 41, 65, 86, 97, 84, 32, 42, 93, 62, 92, 33, 44, 58, 0, 49
72, 95, 65, 33, 64, 69, 4, 5, 84, 14, 55, 36, 12, 20, 35, 25, 45, 23, 1, 40, 68, 46, 96, 11, 73, 10, 98, 86, 39, 82, 97, 31, 9, 90, 81, 6, 38, 94, 16, 77, 30, 42, 56, 43, 89, 3, 92, 0, 53, 13, 58, 17, 76, 91, 62, 28, 34, 51, 22, 67, 71, 27, 59, 52, 7, 29, 32, 61, 88, 60, 85, 15, 87, 50, 47, 66, 41, 93, 18, 49, 2, 63, 79, 44, 26, 75, 21, 78, 48, 70, 24, 19, 80, 8, 54, 83, 99, 37, 74, 57
31, 80, 24, 15, 25, 37, 27, 63, 17, 4, 28, 23, 94, 36, 77, 92, 12, 98, 91, 41, 97, 96, 73, 93, 68, 95, 16, 1, 39, 38, 50, 66, 85, 64, 71, 65, 3, 79, 42, 5, 62, 74, 18, 57, 56, 81, 60, 22, 55, 34, 61, 43, 40, 19, 72, 76, 59, 58, 83, 45, 10, 2, 47, 44, 89, 26, 49, 46, 70, 13, 35, 75, 32, 90, 52, 11, 48, 84, 99, 8, 29, 88, 0, 7, 78, 20, 14, 30, 69, 33, 67, 6, 82, 21, 51, 53, 9, 54, 86, 87
5, 63, 19, 90, 29, 37, 27, 41, 24, 82, 72, 46, 92, 74, 79, 61, 20, 65, 45, 70, 1, 21, 47, 42, 30, 3, 54, 66, 39, 53, 25, 13, 26, 76, 23, 15, 9, 49, 89, 17, 67, 59, 69, 86, 38, 88, 48, 4, 93, 18, 14, 32, 97, 87, 57, 0, 28, 33, 95, 35, 96, 43, 83, 12, 34, 2, 56, 99, 81, 91, 62, 98, 75, 6, 10, 80, 31, 44, 40, 11, 73, 51, 50, 77, 55, 8, 16, 7, 78, 60, 71, 94, 22, 58, 84, 85, 52, 68, 36, 64
1, 54, 14, 4, 90, 41, 13, 79, 94, 45, 97, 2, 85, 9, 74, 53, 30, 3, 71, 82, 34, 84, 5, 50, 86, 76, 59, 28, 27, 80, 12, 25, 73, 67, 66, 48, 62, 57, 60, 91, 72, 11, 92, 63, 17, 93, 31, 47, 29, 68, 56, 61, 81, 18, 23, 38, 78, 10, 43, 44, 87, 36, 42, 83, 24, 95, 89, 77, 52, 51, 21, 98, 15, 69, 6, 40, 37, 7, 88, 65, 99, 35, 70, 20, 19, 64, 22, 0, 33, 49, 55, 16, 75, 58, 8, 46, 96, 26, 32, 39
8, 30, 25, 2, 73, 87, 72, 4, 10, 97, 12, 35, 80, 28, 22, 38, 29, 85, 57, 0, 56, 36, 47, 67, 53, 79, 74, 3, 93, 16, 68, 7, 54, 71, 41, 11, 21, 32, 45, 20, 1, 63, 33, 65, 58, 76, 34, 15, 31, 70, 78, 6, 43, 84, 99, 48, 89, 40, 14, 82, 98, 66, 9, 13, 81, 18, 52, 59, 55, 24, 61, 51, 60, 19, 27, 96, 62, 91, 69, 39, 46, 83, 75, 86, 37, 17, 90, 42, 88, 50, 5, 92, 23, 77, 49, 44, 95, 94, 26, 64
74, 85, 37, 89, 7, 78, 13, 26, 48, 28, 31, 57, 1, 70, 45, 9, 58, 61, 64, 36, 30, 51, 83, 12, 94, 95, 14, 44, 8, 42, 50, 18, 60, 40, 46, 67, 49, 17, 25, 38, 99, 63, 62, 76, 90, 19, 2, 88, 86, 41, 3, 92, 69, 11, 54, 98, 43, 22, 34, 96, 93, 0, 68, 72, 27, 16, 71, 29, 4, 75, 47, 77, 55, 20, 32, 21, 73, 66, 5, 82, 10, 87, 97, 81, 52, 80, 59, 6, 91, 39, 65, 23, 33, 53, 56, 15, 84, 79, 24, 35
19, 63, 18, 32, 21, 2, 16, 97, 82, 96, 23, 50, 59, 83, 71, 44, 85, 47, 0, 53, 94, 55, 9, 7, 20, 86, 12, 5, 46, 48, 70, 88, 29, 6, 33, 87, 11, 36, 91, 80, 75, 74, 14, 69, 24, 28, 30, 8, 77, 26, 98, 99, 39, 34, 61, 90, 15, 42, 4, 62, 41, 17, 72, 3, 1, 65, 60, 31, 58, 81, 51, 49, 52, 54, 40, 25, 78, 68, 45, 37, 43, 84, 89, 67, 38, 76, 56, 95, 35, 27, 22, 73, 93, 79, 57, 92, 66, 64, 13, 10
2, 21, 96, 42, 51, 91, 22, 93, 74, 15, 67, 9, 73, 78, 62, 68, 99, 10, 90, 30, 18, 86, 83, 35, 88, 39, 31, 84, 95, 43, 56, 29, 28, 46, 1, 33, 38, 19, 89, 17, 54, 24, 71, 75, 53, 37, 92, 65, 59, 64, 14, 0, 87, 58, 81, 5, 41, 70, 85, 77, 3, 6, 80, 50, 12, 55, 94, 25, 66, 49, 20, 23, 82, 57, 26, 44, 63, 48, 4, 13, 40, 60, 27, 61, 32, 98, 69, 36, 34, 11, 45, 97, 16, 8, 47, 7, 52, 76, 72, 79
60, 63, 86, 79, 4, 7, 40, 72, 14, 45, 43, 70, 99, 18, 78, 32, 9, 10, 54, 44, 77, 36, 1, 24, 98, 30, 47, 50, 71, 35, 29, 91, 74, 17, 20, 83, 22, 67, 57, 49, 80, 93, 84, 85, 73, 92, 81, 27, 96, 38, 41, 88, 13, 19, 46, 76, 51, 39, 66, 21, 90, 25, 75, 82, 8, 97, 48, 26, 58, 16, 33, 87, 95, 64, 2, 23, 34, 94, 59, 69, 53, 65, 15, 6, 11, 89, 12, 42, 62, 68, 37, 5, 52, 56, 55, 0, 28, 3, 31, 61
68, 85, 63, 16, 50, 45, 19, 42, 20, 55, 5, 33, 99, 87, 43, 94, 27, 12, 4, 95, 26, 18, 60, 30, 76, 28, 75, 13, 15, 21, 41, 64, 93, 52, 44, 35, 67, 69, 25, 2, 9, 10, 92, 83, 32, 66, 46, 3, 98, 78, 74, 39, 51, 40, 47, 70, 29, 37, 82, 0, 23, 65, 90, 88, 96, 7, 89, 62, 53, 59, 24, 54, 8, 97, 22, 80, 79, 17, 34, 86, 71, 84, 57, 38, 6, 81, 77, 1, 11, 36, 72, 58, 91, 61, 14, 73, 56, 49, 31, 48
82, 23, 87, 3, 89, 49, 62, 80, 64, 9, 52, 56, 66, 51, 55, 59, 57, 8, 26, 67, 84, 99, 4, 73, 48, 45, 61, 78, 37, 13, 22, 86, 79, 81, 46, 15, 93, 24, 19, 60, 1, 32, 58, 43, 30, 94, 83, 16, 40, 95, 91, 0, 68, 71, 25, 5, 85, 75, 74, 20, 27, 70, 18, 69, 12, 6, 17, 65, 11, 50, 54, 98, 34, 14, 39, 97, 77, 76, 31, 7, 21, 10, 28, 44, 72, 90, 92, 2, 36, 63, 35, 96, 33, 29, 41, 42, 53, 88, 38, 47
24, 32, 80, 27, 51, 26, 74, 97, 20, 98, 35, 96, 45, 21, 48, 53, 6, 11, 52, 36, 57, 15, 88, 73, 18, 9, 76, 78, 56, 14, 44, 94, 41, 91, 89, 92, 37, 43, 99, 3, 93, 4, 54, 0, 65, 63, 82, 87, 19, 72, 79, 5, 60, 84, 42, 7, 90, 39, 85, 10, 69, 33, 22, 86, 34, 50, 67, 77, 71, 81, 40, 64, 30, 61, 46, 38, 2, 49, 16, 66, 29, 58, 8, 12, 68, 31, 55, 59, 25, 83, 28, 70, 13, 47, 23, 17, 1, 75, 95, 62
20, 13, 55, 14, 29, 47, 10, 12, 38, 49, 18, 26, 66, 67, 95, 98, 53, 45, 28, 11, 16, 44, 99, 85, 90, 88, 63, 32, 58, 31, 4, 3, 71, 41, 77, 74, 72, 46, 39, 96, 87, 23, 78, 84, 59, 2, 91, 97, 21, 9, 69, 70, 34, 83, 1, 52, 17, 35, 93, 30, 5, 40, 27, 62, 6, 15, 57, 25, 7, 64, 54, 65, 75, 80, 61, 24, 36, 68, 50, 79, 92, 22, 33, 89, 43, 82, 60, 37, 42, 81, 51, 8, 76, 19, 86, 56, 0, 94, 73, 48
59, 94, 97, 43, 82, 72, 52, 21, 66, 5, 17, 45, 0, 91, 96, 38, 41, 4, 15, 44, 10, 74, 88, 40, 11, 95, 80, 26, 62, 81, 70, 99, 84, 32, 67, 92, 16, 93, 35, 53, 34, 14, 8, 13, 18, 33, 1, 48, 25, 50, 75, 85, 22, 37, 27, 90, 31, 58, 57, 79, 47, 46, 54, 51, 24, 64, 78, 87, 68, 86, 39, 83, 23, 71, 69, 73, 89, 2, 65, 77, 98, 63, 3, 20, 49, 29, 55, 42, 36, 7, 19, 6, 76, 61, 12, 9, 56, 30, 28, 60
38, 89, 78, 51, 54, 57, 12, 76, 34, 77, 99, 2, 8, 74, 29, 11, 27, 52, 0, 17, 66, 83, 23, 10, 70, 20, 41, 90, 9, 85, 21, 95, 15, 93, 62, 82, 92, 22, 81, 46, 88, 87, 91, 72, 64, 61, 75, 80, 58, 59, 31, 28, 26, 35, 33, 24, 36, 37, 40, 50, 68, 45, 79, 13, 98, 7, 47, 3, 14, 84, 49, 56, 1, 44, 97, 19, 5, 43, 4, 39, 63, 71, 30, 65, 73, 94, 53, 6, 96, 55, 86, 67, 25, 16, 32, 48, 42, 18, 69, 60
10, 77, 2, 73, 56, 35, 11, 64, 31, 91, 45, 84, 94, 79, 87, 78, 25, 37, 13, 15, 50, 92, 63, 70, 39, 21, 33, 88, 83, 76, 27, 17, 68, 41, 97, 55, 43, 54, 5, 8, 66, 90, 19, 89, 65, 59, 16, 96, 72, 40, 95, 57, 42, 60, 93, 38, 32, 49, 20, 12, 81, 47, 86, 3, 23, 61, 99, 74, 58, 24, 28, 6, 34, 67, 1, 53, 51, 48, 29, 26, 52, 4, 9, 22, 98, 75, 30, 46, 71, 82, 36, 62, 44, 18, 69, 80, 85, 14, 0, 7
44, 29, 12, 2, 64, 89, 14, 23, 32, 47, 92, 65, 88, 78, 1, 91, 63, 76, 42, 34, 48, 15, 94, 74, 40, 7, 95, 17, 93, 79, 75, 73, 3, 24, 98, 99, 26, 6, 51, 58, 49, 22, 13, 54, 5, 81, 35, 41, 97, 61, 67, 84, 30, 31, 62, 52, 50, 0, 45, 33, 83, 20, 71, 90, 4, 9, 55, 28, 43, 69, 27, 38, 19, 18, 96, 37, 72, 10, 25, 66, 36, 87, 68, 86, 56, 46, 11, 39, 80, 53, 60, 59, 85, 82, 70, 8, 21, 77, 57, 16
22, 68, 58, 96, 29, 33, 3, 32, 72, 31, 21, 74, 91, 42, 37, 28, 75, 59, 95, 17, 81, 94, 83, 11, 61, 40, 71, 77, 51, 13, 45, 52, 89, 2, 66, 70, 64, 24, 35, 73, 88, 39, 98, 30, 47, 92, 79, 23, 44, 20, 49, 99, 48, 36, 25, 1, 55, 6, 78, 50, 65, 87, 7, 76, 53, 67, 38, 41, 16, 85, 54, 82, 14, 80, 18, 57, 86, 34, 15, 84, 56, 9, 12, 43, 93, 8, 5, 90, 27, 4, 19, 0, 10, 97, 26, 62, 63, 46, 60, 69
39, 61, 72, 67, 30, 48, 21, 33, 29, 97, 91, 85, 52, 17, 83, 96, 9, 70, 93, 31, 28, 26, 57, 77, 20, 0, 41, 65, 13, 25, 22, 49, 3, 51, 8, 81, 64, 43, 75, 40, 38, 74, 99, 56, 84, 82, 80, 27, 23, 87, 45, 69, 98, 36, 53, 92, 42, 89, 60, 18, 24, 5, 2, 11, 94, 68, 86, 71, 66, 19, 14, 32, 88, 59, 47, 78, 54, 6, 62, 37, 90, 34, 46, 16, 79, 76, 95, 15, 10, 63, 44, 1, 4, 7, 50, 35, 55, 58, 12, 73
79, 25, 9, 41, 74, 16, 13, 53, 10, 43, 20, 52, 1, 8, 15, 54, 99, 57, 67, 46, 72, 93, 51, 76, 21, 81, 29, 49, 0, 82, 19, 75, 26, 84, 47, 94, 86, 35, 68, 56, 31, 95, 50, 85, 32, 22, 44, 12, 71, 90, 97, 62, 91, 48, 64, 3, 58, 60, 17, 83, 92, 2, 33, 36, 80, 63, 27, 59, 5, 78, 45, 42, 11, 38, 40, 88, 28, 23, 34, 96, 14, 66, 24, 70, 89, 73, 4, 18, 65, 55, 39, 6, 87, 98, 30, 37, 69, 61, 77, 7
84, 34, 76, 55, 20, 33, 72, 95, 91, 3, 9, 69, 24, 67, 54, 48, 66, 39, 68, 21, 23, 73, 49, 85, 16, 11, 45, 41, 44, 78, 89, 0, 4, 42, 12, 5, 99, 25, 96, 90, 52, 61, 92, 29, 83, 30, 43, 26, 75, 62, 51, 38, 59, 97, 6, 27, 57, 19, 71, 86, 70, 80, 13, 81, 47, 65, 28, 82, 87, 10, 63, 2, 31, 7, 36, 64, 32, 98, 56, 15, 60, 14, 79, 35, 77, 8, 94, 50, 37, 17, 74, 46, 88, 40, 1, 93, 22, 53, 18, 58
26, 13, 96, 30, 33, 4, 59, 3, 36, 27, 5, 87, 42, 20, 37, 90, 70, 88, 32, 44, 28, 8, 69, 83, 48, 1, 46, 72, 56, 98, 40, 92, 41, 91, 45, 84, 29, 93, 14, 73, 76, 78, 10, 38, 0, 95, 15, 21, 64, 80, 7, 71, 77, 79, 67, 6, 60, 75, 85, 24, 16, 9, 86, 19, 12, 68, 54, 2, 63, 34, 25, 97, 52, 43, 11, 55, 62, 50, 31, 81, 51, 65, 23, 61, 17, 94, 49, 82, 47, 57, 89, 99, 22, 74, 39, 66, 53, 35, 58, 18
13, 41, 76, 37, 80, 65, 15, 27, 58, 48, 36, 97, 25, 72, 19, 77, 5, 7, 28, 87, 78, 74, 46, 44, 31, 30, 4, 68, 55, 12, 94, 56, 82, 79, 20, 24, 52, 90, 6, 22, 18, 51, 67, 23, 45, 81, 75, 62, 26, 93, 70, 61, 91, 66, 98, 64, 9, 47, 92, 84, 35, 0, 99, 83, 96, 43, 21, 10, 3, 59, 53, 63, 73, 17, 8, 69, 14, 1, 86, 60, 34, 2, 71, 11, 40, 95, 89, 29, 50, 49, 33, 42, 38, 54, 85, 32, 16, 39, 88, 57
68, 93, 62, 47, 24, 45, 51, 52, 29, 10, 85, 38, 48, 4, 86, 79, 83, 70, 57, 88, 60, 58, 26, 12, 53, 78, 73, 82, 55, 50, 54, 41, 39, 23, 3, 46, 27, 30, 11, 13, 65, 63, 22, 14, 28, 5, 40, 0, 67, 77, 98, 84, 97, 96, 2, 19, 33, 1, 89, 36, 49, 90, 74, 31, 9, 61, 75, 71, 99, 6, 56, 64, 18, 34, 76, 94, 95, 72, 16, 80, 7, 81, 20, 21, 37, 17, 91, 69, 92, 42, 43, 44, 32, 59, 87, 15, 35, 66, 25, 8
74, 60, 37, 56, 88, 27, 81, 52, 35, 39, 14, 78, 61, 9, 7, 31, 3, 10, 73, 36, 50, 59, 41, 33, 87, 28, 29, 51, 98, 26, 65, 94, 42, 64, 6, 79, 55, 17, 71, 76, 18, 34, 72, 30, 89, 62, 1, 25, 5, 85, 63, 0, 57, 58, 66, 96, 46, 2, 24, 68, 97, 49, 75, 47, 82, 16, 77, 45, 8, 38, 15, 93, 90, 12, 11, 70, 21, 84, 69, 44, 80, 86, 23, 92, 54, 48, 43, 83, 67, 99, 91, 32, 95, 40, 22, 19, 13, 20, 4, 53
53, 80, 56, 44, 12, 49, 50, 30, 11, 62, 70, 75, 35, 74, 25, 29, 14, 85, 72, 54, 86, 97, 6, 67, 63, 89, 23, 3, 0, 77, 34, 57, 83, 84, 68, 90, 65, 66, 47, 39, 48, 94, 61, 32, 79, 42, 93, 19, 78, 13, 45, 99, 18, 76, 69, 88, 26, 31, 10, 81, 21, 98, 71, 7, 87, 9, 52, 33, 27, 15, 38, 17, 82, 43, 20, 37, 96, 64, 59, 58, 22, 51, 95, 5, 73, 55, 60, 24, 8, 2, 36, 92, 46, 1, 40, 4, 41, 28, 16, 91
45, 63, 65, 16, 69, 79, 18, 70, 82, 86, 73, 24, 46, 91, 74, 98, 77, 19, 58, 52, 95, 31, 1, 51, 40, 39, 17, 9, 41, 80, 93, 60, 20, 75, 81, 47, 85, 72, 61, 57, 50, 15, 29, 6, 4, 59, 36, 44, 30, 32, 88, 13, 54, 78, 43, 96, 48, 83, 12, 23, 8, 53, 66, 87, 68, 84, 21, 26, 5, 71, 27, 55, 89, 90, 28, 99, 11, 34, 35, 2, 64, 3, 67, 38, 49, 7, 97, 25, 92, 62, 0, 42, 76, 22, 56, 94, 33, 14, 37, 10
26, 60, 99, 5, 21, 96, 95, 87, 89, 14, 20, 78, 66, 61, 13, 98, 49, 4, 45, 36, 56, 69, 62, 54, 39, 85, 58, 23, 82, 33, 27, 15, 30, 41, 81, 52, 11, 68, 70, 94, 53, 46, 31, 88, 18, 40, 57, 43, 44, 48, 65, 72, 9, 75, 17, 19, 34, 2, 0, 84, 35, 79, 22, 51, 29, 38, 93, 1, 3, 63, 7, 90, 64, 74, 59, 10, 47, 67, 71, 91, 42, 77, 8, 73, 24, 55, 37, 12, 32, 97, 16, 92, 25, 76, 28, 80, 6, 83, 86, 50
86, 24, 97, 67, 65, 11, 41, 9, 18, 98, 64, 31, 75, 26, 7, 14, 84, 73, 15, 71, 85, 57, 38, 72, 6, 22, 93, 43, 39, 44, 40, 17, 49, 37, 69, 35, 47, 30, 68, 32, 46, 55, 25, 50, 89, 80, 91, 12, 3, 54, 16, 88, 36, 52, 56, 63, 59, 28, 76, 96, 45, 2, 4, 1, 5, 78, 21, 62, 60, 48, 90, 51, 34, 92, 33, 29, 13, 61, 58, 77, 82, 95, 74, 20, 87, 10, 99, 94, 66, 81, 79, 0, 27, 70, 23, 53, 42, 19, 8, 83
38, 58, 0, 77, 73, 44, 1, 92, 32, 25, 87, 84, 86, 4, 89, 36, 42, 24, 78, 85, 94, 29, 70, 16, 6, 14, 55, 97, 63, 11, 74, 7, 17, 91, 54, 64, 33, 20, 76, 81, 66, 52, 15, 67, 99, 34, 10, 28, 62, 22, 2, 90, 57, 19, 35, 37, 41, 61, 46, 18, 31, 65, 43, 5, 45, 60, 59, 79, 82, 93, 47, 40, 68, 48, 69, 21, 56, 27, 39, 72, 23, 3, 50, 9, 88, 51, 75, 26, 12, 49, 53, 80, 98, 71, 96, 8, 13, 95, 83, 30
90, 14, 22, 94, 35, 53, 76, 82, 38, 77, 81, 23, 2, 40, 93, 16, 73, 71, 36, 25, 69, 97, 58, 48, 52, 20, 13, 42, 66, 50, 51, 63, 15, 83, 18, 68, 59, 45, 19, 5, 31, 7, 0, 21, 70, 99, 92, 60, 34, 28, 74, 78, 43, 44, 4, 87, 6, 46, 65, 10, 3, 55, 54, 64, 49, 89, 56, 17, 47, 1, 61, 62, 57, 8, 85, 84, 37, 75, 32, 26, 91, 86, 98, 33, 9, 11, 24, 29, 79, 88, 27, 72, 39, 80, 67, 96, 41, 30, 95, 12
6, 86, 3, 62, 80, 24, 56, 78, 98, 76, 36, 92, 32, 4, 82, 14, 96, 5, 7, 23, 34, 91, 67, 18, 74, 52, 1, 70, 69, 42, 72, 46, 64, 12, 85, 19, 22, 89, 28, 2, 37, 21, 99, 68, 0, 49, 90, 77, 9, 60, 41, 45, 59, 65, 35, 13, 57, 26, 27, 10, 43, 16, 93, 25, 11, 8, 87, 61, 20, 33, 53, 30, 55, 38, 58, 29, 79, 39, 83, 75, 84, 66, 95, 51, 47, 81, 73, 94, 31, 54, 71, 40, 63, 50, 48, 88, 97, 15, 17, 44
32, 53, 11, 16, 9, 20, 96, 27, 55, 19, 0, 80, 66, 90, 12, 43, 97, 47, 98, 2, 38, 84, 15, 48, 13, 22, 79, 92, 23, 94, 44, 61, 82, 6, 70, 75, 73, 41, 78, 28, 21, 40, 77, 62, 7, 25, 74, 33, 1, 88, 29, 30, 89, 4, 42, 46, 39, 68, 34, 67, 71, 36, 69, 5, 18, 91, 24, 95, 86, 17, 65, 51, 99, 26, 76, 14, 8, 10, 56, 52, 58, 85, 63, 81, 59, 31, 60, 54, 37, 87, 50, 57, 3, 35, 83, 93, 64, 72, 49, 45
15, 73, 10, 52, 20, 89, 79, 2, 6, 86, 31, 75, 78, 56, 5, 48, 49, 82, 47, 69, 41, 95, 54, 88, 36, 96, 29, 64, 1, 83, 98, 77, 25, 51, 53, 28, 60, 74, 40, 45, 92, 39, 87, 34, 62, 11, 80, 85, 26, 72, 97, 7, 50, 84, 63, 22, 18, 44, 30, 9, 68, 42, 16, 19, 24, 4, 99, 43, 94, 66, 0, 90, 65, 12, 46, 27, 59, 13, 76, 93, 35, 71, 81, 3, 8, 32, 33, 21, 67, 55, 23, 70, 38, 17, 58, 14, 61, 37, 91, 57
9, 33, 90, 13, 71, 25, 72, 67, 66, 87, 98, 48, 53, 99, 49, 55, 42, 2, 21, 47, 5, 85, 41, 79, 19, 1, 57, 32, 94, 24, 34, 40, 37, 26, 92, 36, 97, 56, 86, 61, 64, 91, 96, 29, 88, 23, 14, 15, 58, 51, 78, 43, 39, 84, 95, 17, 83, 73, 45, 59, 31, 10, 68, 27, 81, 7, 89, 52, 38, 82, 93, 6, 44, 65, 11, 62, 22, 60, 74, 46, 4, 0, 54, 80, 30, 75, 16, 18, 20, 76, 3, 50, 8, 69, 35, 28, 12, 63, 70, 77
93, 74, 52, 72, 2, 50, 82, 88, 24, 79, 27, 99, 5, 48, 31, 29, 42, 15, 47, 86, 18, 21, 57, 76, 10, 71, 90, 51, 66, 92, 30, 22, 67, 4, 1, 91, 38, 6, 25, 94, 60, 35, 13, 14, 84, 69, 61, 85, 83, 73, 63, 44, 32, 55, 98, 37, 8, 77, 53, 80, 46, 11, 41, 49, 17, 78, 26, 19, 3, 7, 75, 81, 20, 45, 0, 68, 95, 39, 97, 65, 70, 89, 34, 64, 59, 28, 43, 96, 16, 40, 54, 9, 12, 33, 58, 23, 62, 87, 56, 36
6, 16, 48, 23, 63, 3, 36, 89, 2, 46, 7, 80, 40, 54, 44, 18, 0, 35, 65, 57, 9, 22, 17, 64, 20, 90, 42, 66, 84, 41, 96, 93, 47, 71, 19, 85, 14, 50, 34, 45, 30, 67, 28, 76, 68, 58, 10, 5, 11, 92, 25, 77, 74, 95, 26, 97, 73, 88, 38, 51, 33, 72, 86, 98, 52, 56, 21, 60, 79, 4, 24, 99, 37, 39, 31, 13, 75, 55, 70, 12, 1, 82, 29, 27, 62, 83, 59, 43, 61, 87, 53, 8, 78, 15, 94, 69, 49, 81, 91, 32
69, 89, 55, 14, 96, 15, 72, 98, 84, 37, 48, 19, 70, 76, 7, 40, 13, 39, 50, 38, 0, 91, 22, 17, 33, 88, 32, 3, 94, 65, 46, 52, 77, 45, 34, 12, 63, 62, 35, 99, 97, 5, 16, 86, 42, 82, 8, 54, 28, 60, 24, 31, 59, 2, 68, 66, 51, 71, 61, 26, 90, 1, 81, 53, 74, 20, 92, 78, 18, 83, 64, 11, 93, 4, 6, 58, 29, 87, 56, 10, 49, 44, 67, 75, 43, 36, 47, 27, 80, 41, 95, 73, 85, 30, 23, 25, 21, 79, 57, 9
31, 17, 36, 11, 21, 63, 60, 2, 87, 99, 24, 77, 68, 10, 91, 90, 27, 25, 94, 30, 39, 34, 83, 78, 62, 97, 59, 12, 76, 66, 26, 22, 29, 61, 85, 57, 23, 32, 47, 9, 19, 1, 37, 33, 56, 71, 38, 14, 44, 28, 40, 70, 8, 45, 58, 65, 84, 93, 3, 98, 96, 81, 46, 80, 4, 35, 51, 86, 7, 20, 42, 52, 54, 13, 16, 82, 73, 64, 74, 15, 67, 18, 48, 72, 41, 89, 69, 6, 5, 49, 88, 43, 92, 95, 79, 0, 55, 50, 75, 53
54, 74, 35, 50, 41, 42, 37, 17, 46, 53, 57, 22, 3, 15, 30, 76, 90, 21, 49, 7, 65, 87, 31, 5, 68, 4, 19, 83, 14, 26, 25, 94, 12, 66, 34, 63, 91, 29, 48, 85, 84, 16, 45, 95, 18, 56, 59, 96, 82, 39, 75, 69, 27, 88, 40, 32, 62, 28, 70, 97, 13, 81, 67, 72, 8, 99, 23, 10, 89, 44, 73, 52, 47, 38, 77, 86, 0, 24, 20, 60, 55, 61, 11, 43, 64, 6, 79, 51, 1, 2, 98, 36, 92, 33, 93, 78, 58, 9, 80, 71
61, 8, 36, 64, 58, 87, 33, 11, 19, 45, 18, 23, 52, 50, 88, 68, 83, 69, 41, 49, 84, 78, 39, 71, 91, 93, 16, 42, 25, 27, 30, 85, 48, 79, 4, 12, 32, 66, 54, 94, 80, 5, 40, 34, 98, 97, 44, 17, 26, 90, 74, 86, 95, 13, 72, 63, 75, 60, 28, 31, 62, 76, 82, 56, 2, 55, 46, 7, 92, 59, 96, 21, 20, 81, 65, 6, 24, 10, 22, 38, 53, 89, 3, 14, 9, 70, 37, 35, 99, 1, 73, 15, 67, 0, 77, 57, 29, 47, 43, 51
99, 71, 8, 59, 53, 79, 23, 14, 67, 38, 21, 84, 36, 39, 68, 40, 62, 48, 5, 17, 32, 90, 30, 95, 89, 43, 94, 83, 1, 28, 76, 78, 4, 22, 54, 15, 42, 44, 56, 49, 31, 91, 7, 35, 58, 97, 64, 86, 65, 70, 0, 72, 92, 41, 9, 98, 50, 75, 81, 69, 77, 55, 87, 60, 6, 25, 88, 20, 2, 73, 13, 12, 51, 10, 34, 46, 37, 66, 29, 96, 11, 19, 3, 45, 33, 80, 24, 85, 47, 18, 26, 93, 61, 52, 63, 27, 16, 74, 57, 82
59, 74, 98, 75, 32, 43, 71, 61, 40, 72, 37, 23, 47, 24, 93, 60, 16, 31, 48, 34, 11, 90, 9, 58, 79, 81, 94, 80, 30, 57, 21, 51, 28, 4, 19, 10, 73, 86, 18, 26, 70, 0, 69, 3, 13, 17, 77, 56, 41, 45, 55, 83, 62, 67, 91, 82, 36, 46, 6, 64, 25, 12, 84, 14, 99, 52, 5, 53, 33, 29, 92, 44, 85, 66, 88, 50, 63, 76, 96, 89, 7, 97, 15, 20, 27, 68, 8, 38, 49, 1, 65, 35, 39, 78, 42, 54, 2, 95, 87, 22
56, 53, 59, 21, 25, 46, 35, 22, 60, 97, 16, 83, 66, 91, 8, 92, 38, 65, 58, 29, 41, 98, 1, 27, 57, 73, 94, 84, 99, 69, 75, 4, 51, 71, 7, 95, 28, 15, 93, 9, 48, 11, 77, 13, 0, 78, 12, 72, 5, 90, 2, 52, 61, 10, 67, 18, 14, 55, 88, 64, 42, 40, 81, 20, 37, 76, 96, 26, 63, 34, 87, 6, 68, 47, 24, 54, 36, 31, 23, 49, 89, 85, 43, 45, 74, 3, 33, 82, 39, 79, 32, 44, 19, 30, 17, 70, 50, 80, 62, 86
57, 66, 83, 78, 45, 11, 16, 86, 49, 68, 60, 73, 27, 77, 55, 17, 9, 40, 38, 20, 63, 71, 53, 25, 76, 67, 62, 80, 23, 7, 47, 51, 85, 64, 92, 59, 33, 96, 30, 31, 22, 36, 26, 46, 32, 97, 21, 52, 12, 69, 54, 2, 74, 98, 5, 56, 1, 24, 43, 3, 99, 19, 58, 37, 8, 44, 42, 72, 41, 91, 48, 87, 82, 28, 84, 89, 29, 61, 70, 79, 90, 13, 18, 65, 6, 34, 10, 39, 93, 50, 81, 4, 35, 14, 95, 75, 94, 15, 0, 88
46, 58, 50, 38, 33, 0, 1, 64, 67, 66, 21, 23, 85, 14, 26, 20, 75, 18, 80, 37, 28, 53, 94, 61, 76, 71, 24, 87, 81, 57, 88, 31, 95, 25, 43, 4, 56, 73, 19, 70, 51, 48, 42, 10, 7, 6, 3, 34, 97, 98, 69, 39, 99, 27, 60, 72, 84, 2, 92, 41, 62, 65, 29, 55, 13, 77, 63, 89, 8, 78, 15, 9, 12, 90, 49, 79, 91, 47, 52, 59, 40, 83, 54, 11, 35, 74, 68, 82, 5, 16, 32, 44, 17, 45, 36, 22, 30, 93, 86, 96
21, 91, 55, 43, 20, 86, 35, 79, 75, 40, 10, 94, 80, 83, 42, 46, 52, 12, 65, 26, 25, 9, 85, 70, 66, 51, 71, 63, 16, 78, 11, 39, 61, 81, 48, 54, 87, 72, 96, 56, 1, 24, 17, 53, 50, 76, 5, 38, 19, 47, 82, 88, 8, 28, 60, 41, 77, 3, 97, 31, 32, 89, 98, 49, 64, 4, 23, 99, 59, 90, 15, 0, 62, 13, 29, 27, 33, 84, 2, 34, 18, 14, 95, 44, 30, 45, 36, 22, 7, 57, 92, 68, 6, 37, 58, 73, 93, 74, 69, 67
74, 73, 87, 79, 8, 19, 88, 36, 5, 33, 38, 62, 77, 95, 49, 80, 99, 22, 30, 90, 94, 31, 40, 7, 2, 61, 28, 81, 51, 58, 69, 93, 23, 70, 57, 10, 85, 98, 13, 75, 97, 3, 60, 21, 68, 20, 96, 29, 53, 84, 72, 17, 25, 0, 27, 44, 12, 26, 86, 42, 32, 91, 83, 16, 45, 78, 37, 15, 24, 89, 6, 46, 34, 54, 47, 52, 67, 18, 65, 48, 50, 41, 82, 66, 9, 92, 43, 71, 64, 39, 35, 1, 4, 59, 55, 56, 11, 63, 14, 76
69, 63, 52, 92, 25, 4, 87, 60, 65, 88, 16, 83, 90, 6, 94, 93, 71, 85, 67, 51, 95, 46, 11, 23, 9, 34, 80, 8, 18, 42, 22, 32, 99, 12, 66, 55, 91, 77, 48, 64, 26, 7, 49, 14, 36, 74, 50, 2, 70, 5, 28, 86, 61, 57, 47, 84, 39, 27, 53, 56, 35, 97, 1, 21, 82, 72, 19, 15, 29, 0, 68, 43, 81, 79, 44, 73, 98, 76, 3, 17, 10, 37, 89, 40, 96, 78, 30, 62, 41, 59, 75, 45, 33, 54, 24, 38, 58, 20, 31, 13
12, 86, 43, 71, 81, 29, 74, 94, 75, 72, 18, 68, 63, 23, 56, 3, 87, 17, 83, 57, 24, 46, 65, 14, 26, 9, 90, 21, 58, 67, 11, 36, 84, 66, 37, 79, 49, 8, 1, 31, 47, 73, 20, 33, 53, 5, 61, 2, 10, 40, 89, 51, 55, 60, 25, 42, 62, 82, 45, 0, 35, 30, 22, 59, 7, 38, 96, 91, 99, 39, 95, 15, 97, 28, 6, 52, 50, 54, 70, 88, 32, 80, 77, 16, 69, 98, 64, 27, 93, 4, 13, 48, 85, 34, 41, 44, 78, 19, 92, 76
91, 48, 17, 4, 12, 30, 55, 31, 63, 60, 51, 76, 26, 53, 38, 16, 32, 14, 2, 20, 95, 81, 28, 74, 40, 9, 37, 79, 64, 6, 66, 42, 96, 97, 22, 82, 73, 15, 84, 89, 87, 35, 5, 61, 54, 50, 23, 75, 18, 86, 29, 24, 36, 71, 62, 21, 83, 46, 27, 58, 11, 33, 68, 85, 69, 19, 70, 77, 90, 3, 49, 56, 25, 47, 7, 99, 80, 1, 8, 34, 93, 57, 98, 92, 67, 88, 45, 65, 44, 0, 41, 59, 39, 94, 13, 78, 43, 52, 72, 10
2, 47, 75, 94, 39, 14, 67, 27, 90, 6, 49, 93, 13, 92, 20, 95, 18, 29, 56, 69, 32, 52, 57, 19, 38, 15, 78, 51, 96, 65, 68, 74, 53, 71, 10, 54, 66, 7, 31, 91, 33, 80, 24, 3, 72, 84, 97, 35, 58, 70, 86, 12, 30, 87, 50, 11, 9, 60, 98, 34, 55, 26, 59, 16, 88, 1, 28, 8, 63, 22, 81, 36, 73, 25, 41, 85, 99, 23, 61, 43, 89, 45, 46, 77, 48, 76, 37, 44, 5, 62, 40, 82, 21, 17, 64, 0, 4, 79, 83, 42
8, 39, 18, 46, 71, 28, 54, 92, 10, 52, 5, 82, 85, 31, 26, 17, 65, 57, 66, 20, 41, 78, 60, 14, 11, 34, 29, 43, 16, 15, 4, 96, 69, 36, 90, 13, 84, 99, 56, 74, 87, 83, 24, 55, 25, 86, 91, 76, 80, 37, 63, 44, 72, 70, 81, 88, 27, 64, 98, 75, 95, 33, 77, 23, 2, 12, 30, 1, 19, 50, 62, 6, 89, 79, 35, 21, 22, 59, 53, 7, 0, 45, 38, 58, 9, 93, 51, 94, 61, 40, 42, 73, 68, 48, 32, 47, 3, 49, 67, 97
